1865347682
1651554307
2652560743
2657213223
1834892074
2391987362
2657245841
2256083960
1381915665
2657106203
1897296594
1869802044
1573108150
2657173413
2523836431
2116061800
2150078470
1677395592
1719135527
2657148751
1775332225
1287583375
1779411224
1715932864
1947034072
2657092383
2629727471
1879777135
1692299775
1058297973
1984384663
1930527324
1784401943
1343163104
1086905570
1579070605
2215265357
1812993053
2656917093
2635212373
1747892181
2644507472
1658448157
2332773185
2736017584
1762315934
1886804432
1967111294
2632972247
1742305403
2656911651
2417501182
1824939311
1890741337
1734015344
1986416394
2150626124
1792420285
1757035811
2106082052
1583099915
1775567503
2656798213
1622866793
1767802211
2638326711
1854147565
2117346300
1827729397
1802260405
2014724593
2008362247
2551904060
1665060344
1843905413
1897268272
1792762860
1919199220
2010643555
2383771070
2254278633
2355379854
1768327630
1843920402
1893081383
1635726043
1878268791
1872954575
1363908210
1079295715
1150392872
2291550640
2658160827
1833046782
2136011381
2330625977
1737836971
2375218280
2442107571
1684321341
1416334057
1358954744
1627086275
2128402733
1884233204
1718519941
1733547831
2034543120
2656509573
2655439307
2657353095
1699521673
2312068300
2157019263
1540796093
1888583751
1905948430
2345139823
1856257163
1891410730
1780402747
2479289252
1713303311
1770636210
1751693493
1867496311
2655375423
1677133961
2715790854
1702126455
2454034804
1432300360
2656242293
2458327797
2656315971
2217748865
1794277027
1504715777
1358006157
2408234731
2656217973
1728345964
1688957495
2100227041
1818029027
2656246611
1770586694
2521817842
2343976917
1988475642
1198239631
1864745032
2652376053
2162427971
1838939642
2515625002
2346469587
1246126405
1919699352
2295969607
1717015674
1770445942
1891153207
1651696890
1654477041
2385906650
1271571252
2162510997
1725808844
1233302520
1870385357
1188680187
2682544074
2001041245
1431287805
1416541051
1964459083
2140903803
1428686913
2231591520
2014947871
1839133507
1731794264
1840452031
1254299341
1190420285
2654635581
2023991217
1452866191
2275139243
1289017654
1564608031
1775958154
2065436011
1886054523
1590519547
2282031837
1589557885
1818394660
1831155951
1767409577
2039005987
2540746867
2175030973
1678881990
1517547125
2649790933
1716707962
1844952372
1978650690
1428234730
1732358112
1817587772
1929231457
1797508550
1623241432
2401439133
2735405000
1217809585
2309614931
1473694941
2158161753
1496287311
1770584203
1880074051
1626425554
2126798987
1406602591
1919794180
1410669253
1691028764
1813840951
1863872033
2310164133
2487292052
2489831532
1717032971
1833439233
1819748015
1865805594
2385812890
1923227530
1781559920
2033709750
1563126101
1686486941
1869131212
1788439680
1354430143
1735218292
1621852123
1831708412
2037931765
2260207863
1579120100
1662899357
1691410671
2653376913
2257050892
2566585415
2655226471
1730926577
1367051885
1941118871
2403537492
2415303945
1957772301
2008385275
1867419591
1140579933
1725820977
1881961111
1877545183
1237399851
1034399757
2041495075
1974643947
1291516510
2369496872
1922354315
1850053351
1935624704
1791520755
1836922162
2307369014
2083628341
1803631335
1798450807
1941557461
2517867652
1885098032
2005347903
1765171582
2471452512
1717118611
1692564404
1650688021
1143502927
2313351801
1390715850
2631979421
1046935064
2501698521
1574581182
1887507500
1843154922
1790604607
1553130127
2640100463
2357340807
2015542783
2102085213
1800108031
2135688443
2635578393
1863607875
2165284162
2530732515
1446855832
2698779842
1565657837
1750175423
2641847791
2588301414
2189735900
1771076980
1829355867
1381325990
2650075173
2281702671
2635070881
1894247010
1826907665
2654825101
2103138812
2635082003
2653673287
1803746521
2504054814
2623895815
2267225083
2248460763
1404239863
1733943917
2624292535
2629551553
1809200291
1597820414
1937143401
1361016675
1863797990
2623326461
2176239831
1826699437
2625496961
1907241635
2624928195
1846948073
1708919347
2627934427
1046633984
1749001300
2627225355
1405737237
2105652700
2316886483
1686638075
2635225545
2412404181
2276023817
1934885731
2453903787
2621320495
1099707202
2628345617
1848780445
1763601514
1672121050
1958171882
2172931813
2287323051
1759102113
1904815722
1071029795
2735834544
1845719220
2722796980
1981014342
1676147620
2634475903
2271591621
1993719327
1486374091
2638071703
2654568471
1664337034
2654207263
1595971054
1863851861
1400095322
1892324632
2643639973
1568825271
2634400793
1626642357
1878411933
2537371340
2031413597
2723301154
1644332264
1677281212
1779158780
1767516552
2120119975
2011713822
1787512922
2623549342
1866648691
1654395831
1327038635
1362932181
1409173913
2650818633
1670950761
1419781572
1099354820
1612841612
2651033131
2547516897
2077170551
1866920850
1818935791
1975776883
2457210340
2654197463
2504336674
1697851700
1706647557
2170035805
1841085803
1752609402
2365307061
1772795584
2346440691
2171556592
1677010725
1948547847
2425438572
2638072763
2173281271
2013904711
1843645700
1921493127
2278647845
1296233272
1855960317
2708064844
2083181481
1938817611
1855504397
77801546
1926233381
1171724553
1785022481
1963959712
1657498560
2640647921
1646395962
1838763344
2174869243
2091166827
2152943175
2277205134
1198710350
2680034802
1073268467
1896855812
2654139101
2187616803
1942072283
2311866742
2654094491
1932258481
2580887645
1766922212
2317346852
1865988442
1282260974
2078377285
2654035563
1663615145
1508813621
2374110682
1905197813
1839718861
1569083602
2430313714
1900154540
1591934917
2345448352
1908652540
1658179332
1866993234
1770596377
1853950130
1447429787
1015688050
1649665370
2342812601
1848999535
2734167932
2351645265
1415256645
2612711447
1576833831
1779272875
1839236500
2644796812
2493218747
1256438852
1902889453
1668014547
2653959763
2045278971
1859984030
2233490842
1872577452
1897230417
1837935425
1859957552
2273173355
2175171600
2640799831
1151293667
2122115443
2696692894
1761025971
1961741977
2092248844
1922961425
2653977491
2569625102
1747859440
1060952772
2653920053
1140181902
1885680290
1911588147
1470575605
1986292453
1646122295
1266194424
1649302661
2187706183
1305412395
1854833523
1819604627
1748838202
1831475835
2250445813
1767315511
2603279735
2417475163
2734229244
2096737951
2254103415
1747894040
2255681592
2642267364
1735471594
2702754574
2694199654
1280996901
2097156367
1903160854
1918328564
2159429890
1740090242
1663543290
1627427557
2037528027
2593956850
1768167150
1197978843
1818024094
1839518390
1785398717
1214010357
1718571363
1243834433
1978673875
1676916471
1885903503
1655469837
2712292240
1862276134
1206743687
1745060634
1659261047
1839650537
1395347240
1829744941
1729356953
1611394531
1171876097
1877949853
2176645310
1879899011
1683451150
2340470810
1941937294
2644304497
1670284754
2509653780
1845986882
1569698014
1793368011
2653793651
2091658157
1738708953
1432461292
1738808823
2152558952
2608721312
2609908550
2602925701
1465584514
1409096345
2149897984
1745552252
2504131230
1704045232
2643790621
2493964420
1694180832
1257094143
1892325600
1312418423
2192590074
1442725091
2508759000
1234157017
2070282504
1987997407
1730256593
1163492490
1778169613
1853775240
1755410901
2395941202
1476258111
2653437471
1696873662
2283772485
1746421020
1905104615
1422016255
1276083983
1910654935
1704923250
1197679964
1856116927
1065717154
2148662654
2269851702
1768684134
2651457211
1862228803
1901253975
2562766092
1867500457
1805813280
1214812487
1715749043
1877458224
2735375272
1860058335
2648540783
1877401830
1797749271
1918736541
1937745752
1975658503
2653207713
1572668367
1947333381
1946956165
2280287651
2275347515
2606991371
1610615021
1169323362
1940982300
1846085480
2252466307
1761940802
2348994360
2443387764
2111073870
1790441035
2647339561
2464926522
2102716894
2650288721
1439606430
2255475604
2406652700
1602884530
2157057557
2549039431
1426081393
2090107077
2525698080
2610669281
2283881227
1266716367
1163716433
1931580122
2069089591
1705979904
1946940562
2473630310
2477385625
2653261651
1777341961
2326237643
2216459962
2564947940
2653169803
1859158100
2116305495
2083962611
2144646705
2093153851
1447510177
2012395554
1864837482
1887526941
2041395442
1891281853
1665875442
1775396851
1893385382
1959423315
1790601577
1728371563
1951691593
1900629850
1687714450
2406762512
1748550670
1728503173
1953192071
1348250143
1877396531
1843627603
1847017893
2657693375
1867801357
1862069092
2241758504
1251199483
2313461853
1912010275
1705327504
2568499490
2435365352
1762154580
1497241184
1781636973
1940216085
1400807635
1776571970
1740644995
1671532415
1691656297
2647858893
2403573670
2715010680
1738943482
2627818695
2376929580
1258930904
1801433301
2652884481
2213607502
2654863317
1853232303
1510643511
2658572132
1227221830
2518227991
1901104571
1309427120
1281984544
1912126953
2554048321
1732737164
1965740654
2173359977
2416863890
1784718182
2627311972
1913708715
1896349113
1640683111
2334912124
2175192421
2166126392
2627229564
2409479394
1594119302
1851825325
1496879423
2319454142
1651413402
2644573181
1762066972
1762623065
1676811690
2651197991
1603557961
1863362512
1752333822
1107940040
2179228464
2733556710
1644232222
2652435583
1670085611
2652447393
1657835452
1821718917
1786020241
2063132801
1974607801
2485189007
1795675004
1816813830
2622067867
1248488955
1749969483
1761081325
1343645712
2561903997
1958883345
2652395733
1785544770
1812652774
2532568393
1657051814
1464996125
2291164912
1686995682
1680582841
1254561507
1777770865
1989066463
2628018417
1283483132
1615530384
1924076111
1677779257
1964362092
1595571934
2649382661
1266909592
1738249127
1889860884
1926488704
2080881767
2637625341
1664535280
1773130700
2517728874
1813196995
1632740561
2127800935
1768738857
2152192000
1419583723
2184743707
1816030722
2485081967
2104714901
1694915512
2209568904
2079067144
2147401977
1662507693
1900131682
1649949661
2275129670
2318205674
2094510271
2440350165
2187605603
2120498004
1773710050
2502860251
1890318272
2022134325
1931823223
1959801805
2652085233
1595485607
1880136892
1606975475
1637255487
1835569363
1567733653
1400894730
1651689553
2645658491
1938129161
2557879267
2419411617
1067963650
1736226140
2587944320
1743133727
1968311345
1683615534
1797605984
2259656035
1865211724
1478693480
2329596122
1360905403
2206823134
2206384012
2623282072
1757115925
1818018764
1926268625
1751449307
1719536867
2092770362
1945541305
1868827482
2490051245
1753207063
1904047037
1399088754
2604962563
1907051881
1655080771
1536718932
1326854400
1769412660
1282634973
1855173413
2243088662
2541742171
1821610923
1416428421
2298893114
1847047830
1293876273
1698329615
1288936482
1751461367
1997800580
2437003185
2332097593
1978771204
1735210497
2185827273
2345793610
2516370700
1895437774
2531849481
2623517912
1644204090
2649672633
1750323721
2583049067
1558087190
1598457265
1893755380
2284717322
1942727295
1791876704
1811043004
1909403944
2026650390
2290356764
2622825135
1716351361
1800194351
1843922197
1974067927
1867241453
2136872824
1721046730
1750729823
1010605392
1905714787
1257939702
1769331404
2006616215
1876988325
1772852167
1891239043
1743398724
2651358923
1779793413
2128575370
2699384012
1866105061
2127850250
1258855965
1086123387
2287890594
2418608905
2230374625
2416054347
1704724561
1839633833
1869128431
1627702640
2088303533
2018168805
1806931562
1262005572
2105178687
1626926192
1811490284
1496664517
2112417994
2261349012
2612421491
1757878555
2644567462
1801206920
1663662700
1691101973
2651185491
1806184952
1819959505
1268785233
2273063523
1599107347
1785395503
2503532414
2568397981
1769063135
1664938040
2651135853
1475080050
1865179123
2285928070
2113680540
1846464610
1880606432
1361935535
2384741492
1746209015
1989201321
1746695571
1874277505
1596369007
1916936913
2650575733
1418047380
2013288847
2609522003
2659490744
1884115724
1064576927
1149573060
2713548234
1272666933
1273327827
2247082440
2734051464
1826477163
2524698984
2252546285
2549022927
1686128307
2114957604
1264687261
2280329780
1746330617
1787469997
1619149761
2047960854
2127369361
2397184104
2642943017
2650831563
2462440734
1282965621
1892410311
1811322422
1879528673
1743791971
1604859000
2122384752
2631403861
2631041003
1711187835
2650695983
2126761352
1422091754
2000946251
1862018143
1262362552
2105500021
2271923927
2008331357
1863353801
1743403575
1564209337
1973425125
1595094041
2650371081
1243377425
2534573370
2649421311
2445965052
1748551155
1565236170
1908458841
2474780617
1363183222
1760357074
2173924797
2642793251
2244676494
1827770050
2706926992
1873436544
1749961071
1961692697
1774176621
1230801945
1423934281
1865952724
1768891430
2157881735
1620742874
1738986547
1776456381
1840034245
1998841077
1864430013
1562711333
1413156755
1680921487
1840015364
2648821813
2203481443
2650217261
2350625777
1898373155
2194410987
1665104792
1991072215
1723231487
2489471177
2000612407
1668999542
2522750152
1939067671
1879827571
2117318993
2650540301
2647045231
1828405330
1907856924
1743661103
2650443183
2654553565
2390702895
2397309633
2606854724
2648778041
2595443001
2267920171
2584308161
2607393287
1865475801
2544159002
2648466422
1307837262
2380861845
1575528303
1730773182
1784044134
1909293011
2453652035
1770620045
1880415494
2136002110
1904301191
1687190190
2184029024
2439925392
2009722795
1703841627
2650308073
1767079884
1686413945
1072814892
2008518957
2395214142
2601656184
1901569507
1814569885
2123451503
2469933957
1811491281
1972949803
1879308210
1710446210
2135880673
1915326143
2350321971
2649823041
2353614181
1734825142
2655973460
1611440457
1654198757
1135923363
1721129191
1488286293
2650299131
1899290667
2641452873
1132311530
2275159017
1440924210
1866738855
1945356343
1749717570
2166365760
2116503432
2642882253
1740240297
2649380323
1988247561
1914065245
1346313897
1781166543
1745470381
1978335743
1789127657
1599266062
1834666543
2562657357
2650203461
2097644110
1570464757
1746439350
1844329215
2650151441
2387434795
2585278870
2270995300
1765649811
1674590853
1983408945
1636305811
1761025272
1739837634
1894152335
2517458532
2613498781
1778786985
1348306370
1697919053
1692218170
1784026134
1651623003
2118738012
1650192227
2625701223
2091133607
2050439084
2548307241
2391896671
2649975873
1947957383
1914976653
2649930193
1893420164
1227597967
1794576802
1818052835
1739152385
2041421770
1868087623
2296297350
2099541192
2654094437
2379772654
1863463410
2602452491
2653051697
1590282780
1927389321
1761360242
2267647124
2303595042
2424528897
1589284081
2140801435
1808681785
2533892050
1790105212
2060340787
1773884695
2473808947
1550359652
2649696433
2419806885
1736550093
1507048633
1666205633
2007347912
2649697843
1846390293
1525842782
1780813917
1747009020
2006139771
2002011787
1401670424
1695903353
1087884274
1937370543
1906644514
1723804153
1749726533
2273347907
2251748704
1967288911
2054940177
2620130070
2647297253
2282211200
1865426251
1419502132
2324226015
1801848324
2649485083
1668534667
1422123272
1791469160
1868181094
2575434583
1073703263
2237152307
2733703470
1353174462
1443377827
1631064901
1704108437
2290409561
2535193492
1224868462
1726339753
1651511644
2440916413
1665424040
2036719797
2607996754
2649407291
1233263017
1363171791
2411592015
1404745133
2645601521
1618785667
1798742217
1915344597
1807622482
2046810363
1739824195
2637524914
1616008245
1615985811
1756442163
1368009894
1830705935
1843619654
1178301760
1462505232
1397725354
1791291577
2189739107
2649271961
1960094543
1569687633
1876301711
2339195183
2058496811
2049658143
2694267300
1161694843
1924105007
1726623057
1670196480
1136090485
2661200362
2307490720
1672643851
2275735702
1987667045
1958689733
1800817251
1304524267
2030782033
1763518270
2473758865
1614118815
2414212272
1611408694
2381337342
1657359255
2416523187
2116153460
1729389214
1591615680
1660070111
1823041595
2343906887
1906441497
1763622900
1929111337
1891377644
1615388844
1135314631
1191365844
1410189135
2654811405
1686249550
2636471130
2203137594
1401570260
1983919255
1837676941
1412186563
1047883981
2649064991
1957615663
1069451080
2648983741
1806473534
1900425503
1806657430
1947214197
2648935343
1973121603
1051946094
1032732203
2541957493
2482544634
1905866552
1708605034
1760554974
1649508080
1770881077
1830829494
2306459420
2079708207
1808981445
2128296123
1557197014
1144722932
1770273924
2154785617
2274587594
1062854943
1982040525
2095201653
1963439683
1745457947
2377335734
1787875752
1987997991
1819025143
1960058561
2019099923
1826084952
2691574954
2301793202
1615163342
1766638127
2102270673
1708462104
2095947413
2023783930
2362528870
2433604897
2628858531
1216500054
2135368914
1784229985
2631491621
2166954112
1905181871
1457678247
1779218304
1951240972
2203987097
2126485244
1730839335
1908317942
1848189207
1242488065
1469584485
1603992815
1584512703
1842046792
1889091227
1223684440
1882664660
1875527537
2307447905
1975469581
1170166885
1934219503
2024138922
1409696037
1808913803
1786701811
1707660682
1298027383
1363998887
1586343570
1709536231
2131276080
2008088123
2232986425
1933397244
2192553060
1847141023
1193009140
1094383177
1464757844
1968682260
1833815221
1232490632
2648650471
1935472001
2616729857
1406429722
2102160337
2187596703
1895137515
1275397981
2313319314
2070335603
1987305702
1894298625
1261109591
1977891532
2622941597
2628249371
1910835405
1802278400
1823869055
2448764434
2337342467
2130457011
1926965450
2256978741
1806430821
1835288111
1604520882
1842447340
1449608775
2648464711
1761876871
2478969080
1361786063
1705271014
2097891957
1830006410
2179197663
2121875880
1692299270
2644583752
1891120583
2163472572
2255420430
1735018071
1906585037
1215262367
2335418684
1679789257
1711512152
1046494753
2035158151
1935896204
1790048351
1003356691
2038516571
2206592983
1949358261
1915545872
1139856672
1891147260
1548535105
1751365651
2213035955
1829976117
1846166525
1699996465
1658660341
1601689334
1751304501
1914035100
2612163353
2120636651
1775370583
1618453057
1152279971
2648229191
2648275613
1910668141
2277582961
1682187170
2648305861
2437147400
1027136733
1861886282
1801907204
2043173625
2647515713
2002095935
2186241293
2203958212
1694970502
1846142542
1963423317
1864416034
2548985781
1657147242
1731688363
1947927902
1685585717
1592659715
1826034074
1977226997
1557282954
2315727171
2708926320
1829544345
2243812682
1986496257
2340982823
1762065235
2646219835
1979402872
1704993270
1776836374
2255017340
1868892603
1431975310
1511420122
2170580297
1753058621
1908989787
1739144434
1881615610
2647914733
1915530571
1431613680
2281334301
2029969217
1336277727
1753223307
1882988804
1934147674
1660253220
1265839985
2282085830
1712387630
1956793522
2047291597
1633241102
2116513170
1678133324
2377259331
1848118294
1730851657
1457498351
2187796031
2284034365
1648330200
2644542503
2429841390
1745230213
1839487037
2643315471
1247157481
2008774341
2647656751
1173782157
1770466660
1796850274
1730882227
2332621867
2052923163
1583747450
1905965057
2502148472
2110832801
1858007064
2044871925
1988280764
1790404557
1051072291
2091142340
1730332987
1870503040
1220621660
2295215884
2209059903
1733983902
2169237954
1759494973
1783821052
1774004550
1341309463
1395939425
1741532185
1893599283
2215862162
1841632865
1809698567
1295021141
1729779453
2458490124
1276437581
1627058021
2013528712
2647132323
1809087507
2472293277
2521780785
2092744304
1893984187
1813886845
1711106422
1286000774
1888466995
2640896781
2330065787
2322045101
2644106597
1598813184
2246035350
1677403110
1557399080
2730951020
2041001160
2598895107
1677522015
1864771712
2394533860
1880344612
2423312102
2638832597
1599248670
1993022694
1141349745
1936560582
2647411093
2157889405
1867402022
1175993552
1750418324
1885257094
1069756781
2029919201
1879595434
1998426923
1292135622
1943209010
2638691723
1740809020
2268445375
1691444704
1737962822
1586909100
1766805097
2644517911
2187787617
1794099212
1408986622
2202976137
1554220671
2011276831
1538579355
2626893570
1597664693
1784056364
2237280907
1580730841
2365686834
1728196805
1868870405
1922074993
1775444915
2647189563
1736729890
2653509425
2268556831
2647191371
2528473990
1737471813
1629166075
1656636460
2126482564
2443381847
1265866747
1990558821
1079218377
1758423181
1896885843
1563643660
2379206243
1739812283
2647254081
2410382571
1826162135
1798702660
1921828540
2139352962
2554736707
1784207973
2394757680
1167922485
1562579454
1963011743
2425364710
1882912923
1885461857
1306671303
1663190025
2550970115
1914562474
2006766963
2646792683
1592619907
2549588425
1853712931
1131372225
1799489962
1789226301
1779774342
1647319255
1920372811
2247538545
2645242453
2332706893
2419928870
2625956081
2647685782
1715245507
1826339621
1777550303
2721127004
1047054881
1750132611
1849853227
2646937671
1901692793
2431575174
2179680633
1898064323
1596602891
1832653903
1835605312
1215731344
1886429617
2209364594
1378009680
2278578291
2730834054
1728385561
1948139785
2257681314
2601829413
2641831793
1644458361
1471002552
2559432870
1762070440
1270565837
1798473801
2480818155
1928424513
1840125367
1352592815
1664682195
1959559083
1634580847
2542606870
1989738770
2625945843
1786813011
1601683482
2008314881
2646324401
1609461153
1339562254
1767804173
2646542103
2482563301
1096517291
1864488245
1304367514
1742206143
1780535882
1217926722
1867907414
2150241781
1219739962
1140715061
2536375333
1893072045
1991798051
1784637077
1589640217
2270868757
2301625547
2313323855
1921798061
2234953051
1841737111
2628566543
2060410303
1887196225
1660706177
1835215741
1967911004
1658719783
1778830284
2186236792
2017779003
2278231950
1458797313
1025023597
2627518052
2239826872
1847361261
2434743211
2645938473
1795662370
1881027044
1654736305
2192291024
2164838382
1879194937
1846657743
1865435032
2302683532
1721290917
1644821661
2329255630
2644166121
2470390307
1428459633
2438485491
1913937831
1884825212
1651810600
1804588644
1776758933
1781979300
2645744073
2070324043
1951783895
1690069251
1811705045
1699048200
1761453362
2634670331
1046044232
1402620461
1659038747
1716662135
2645702631
2639837261
1936058722
2024168505
1338739300
2175509074
1963323291
1710360523
1642221050
1780949553
1297682465
1950741354
2258954262
1682666870
1838910147
2642181491
1863410182
2645454433
1630579292
2198154842
2657695764
2300394695
1672207171
2392253913
1883773591
2713048074
1902796975
2645395463
1957423184
2587086170
1404018862
1661401371
1922664525
1790565211
1747896413
1924884391
1862952350
1670140793
1879430202
1922305514
1739239810
2348460575
1603708834
2241966235
2298223667
1136705541
1768403460
2275377927
2659173740
2570676021
1762649114
1822858460
2079505803
1169653367
1370445724
1771330555
2188371514
1758913110
2644520611
1654311273
2335700634
2042373575
1421604997
2161708807
2174058693
2150513394
2682895802
1652754550
2126616220
1915856840
1734397950
1832824057
1746598130
1848170555
2620495545
2025637441
1876300227
2040983620
1893492142
1569848120
1736748114
2570248431
2644278693
2645029041
2339304057
2645016501
2638545435
1656240992
1145108783
1969531287
1835732342
2121013660
1972687033
1459104814
2089383841
1667022321
2004833450
1272335243
2731245274
1628908253
2640079165
2644826431
1834322410
2456691350
1855084665
1865612564
1411573335
1634867293
1366429780
2526716172
2644687613
2644713341
2500884612
2644687901
2163526631
1742483014
2637303027
2644599763
1654628822
2152796361
2037524793
1877029003
2704250560
1698385831
1875504737
1530169760
1798289953
2730994714
2087797211
1695735380
1728534430
2254935607
2412602400
2682861482
2018089664
2142519821
1614938603
1901346591
2562726527
2462402511
1576061474
1752098560
1759177301
1642153245
1400631792
2545299291
1935773580
1624864552
1747041594
2651863714
2644093503
1225151920
1778811167
1909993612
2608975425
1404613164
1771856885
1678826214
1840887513
1950335847
2288961344
1833313081
1635983890
1659532677
1785390195
1428695172
1628365113
2635569250
1959897610
2323910691
2264694707
1907333607
2447131600
2447194845
1756327203
2114408580
1739609900
2643768781
1976975587
1917685865
1656006521
1710156364
2276450523
1815898461
2399770677
1735247344
2113260820
1773286595
2394195717
1175670833
1764273264
1620338777
2021778817
1807142630
2721826674
1734370290
1770887920
1743602993
2622987173
1004118653
1696213295
2142414365
2537335140
2173305743
1794667405
2029488157
1896360275
1622862065
2656915750
2324905495
1791565104
2102035744
1968663915
2639645471
1150771795
1354720604
1763922904
1748188161
1902245275
1736197194
1884729912
2011229652
2010873457
1990523102
1678458623
2053080795
1864380530
1580845191
2261458820
2643411391
2195879431
1965211425
1990092985
2643374671
1708354605
2709489072
1751003327
1852784733
1883161670
1515851935
2385269310
1768367557
2043749295
2249459962
2093852001
1773954712
1769909184
2622421341
2296315514
2643180323
2643182241
2642807785
2178722544
2642807165
2011302533
1978003737
1724476867
1964816707
1993209930
1993226662
2008479807
2454512692
1682202781
1885767870
2491380164
1580616540
2294498242
2393732320
1779570751
1804844672
2643085203
1679672082
2347073391
2241742793
1316934095
1888703237
1159109980
1902956255
1771429514
1093354371
2447793313
2637539633
1055964640
1889193654
1309624721
2643040410
1839488622
2642805781
2642316191
1921839193
1034913627
1980528094
2562707425
2527992063
2729872640
1353769504
1786010485
2557867423
2441549630
1817933672
2635837343
1868032715
1670274615
1759723477
2062513711
2642762763
1731952610
1751489265
2126569881
1578446373
1770691697
1729433214
2708846462
1897683874
1064708465
1823183265
2355252522
2212529541
2642656241
2368960500
1817106477
1779736831
1984725890
1055999355
1742816392
2624531705
1727390385
1456289327
1713624394
1650562602
2027466487
2187729772
1888140502
2095234521
1729549452
1804343512
2317168112
1878451290
1695522691
1756356443
1965612063
2553585234
1271729274
1839393334
2134213002
1814747670
1412663122
1236839501
1748990967
1567676490
1876560523
1184972240
1741095291
1938710243
1726566295
1868255275
2179529032
2510015541
1854107571
2497337425
1079306471
1854936101
1429772815
2642491641
2696187630
2401551523
1738891443
1431849323
1226593485
1342121144
1740800683
1846958725
2174590351
2290329972
1904220125
2499016350
2276577002
1248289745
2618775811
1997002667
2640427183
1822218182
1805602563
1705953671
1735795165
1757991057
1769180594
1937451515
1799455307
2062837515
1678628333
1578070285
1596154604
1135694053
1758198005
1178322221
1867621861
1710372570
2642320133
1657907653
1891393161
2108105273
1747652980
2439167792
1988099463
1642077401
2323041397
1786567601
2709670324
1658359117
1159140981
2003211433
2035302277
1490433193
2480887587
1747178002
1880274020
1971671643
1647901175
2205374064
1855223751
2640562933
1740717700
2044858823
1110022315
2619332251
2100915271
1903865844
1763593244
1565872273
1243035847
1633607520
2730596900
2368987521
1689942760
1741342580
1409342757
1706436152
2404219625
2639649443
2031775255
1591717593
1949554307
1906890291
1240826220
1774919543
2211710201
2078463840
2404486384
1996648935
1698231934
1869067502
1976580803
1792926352
2320758625
1751435184
2463882992
2181072862
1165808163
2624892154
1781512427
1647302353
1852397981
1239491750
2272605110
1767043093
1514474330
1708220281
1108091770
2002519743
1651107403
1910582753
1908853714
1505831685
1897455225
1994436994
2534423250
1806735590
2619743492
2178330240
2161102595
1828151015
2183279530
1865896811
1239667702
2644687994
1937274931
1878722723
1756353361
1099276173
2175020983
1871451595
1753059454
2283350870
2633246002
1776665597
1559896844
1687898967
1588949864
1655813204
1053666052
1965845813
1806548324
2641894171
1404194054
1574864377
2311656143
1760645931
1679200265
1733836951
2307547065
1555209447
2715595322
2105473967
1758377463
2465014930
1086779715
2641832183
2306797932
1822614675
2560030057
1844908152
1749066977
1890896015
1669716732
1373142180
1737796984
1352475254
2019665743
2588278030
2284978247
1990453741
2641453661
1045082002
2250102240
1184737035
1872011770
1940801643
1737746347
1928400800
1928399640
1928401800
1928201442
1928395704
1928393972
1044752455
1928197654
1928196630
1928195522
1928387652
1928388412
1928385320
1928191494
1928383652
1928382144
1697120620
1948384202
1899739111
1921267137
1303844190
1408706865
1878785883
2612211703
2474786457
1749688001
2288089212
1497429133
2367765992
2091907130
2348802597
1959671005
2619047623
1436191657
1293380621
2179834663
2702238982
1829567674
1244168873
1812404703
1789129167
1347036702
1870990643
1671384754
2624543405
1823103391
2649309135
1882632404
2637973853
1969298471
1626115471
1649986253
1408101103
2641569941
2646394460
2131922345
2644746310
1573526030
2396804170
2319278012
1705545035
1773329351
1559633917
1086016365
1874583874
2641505901
1726989900
1788536300
1292765663
2121955243
1761325941
2641478441
1196773377
1980733777
1680467833
2614244797
1839148757
1306460240
1747222943
1756547203
2608153401
1735147017
2636348483
1819670210
2481250777
1484377824
2641414253
2427550770
1879596670
2045932862
1749157151
1776520865
2008153463
1934773285
2194865842
2637479361
1971279633
2298176367
2015044365
2632586751
2327981585
1717193925
1848974467
1748689203
2168073480
2562256137
1241272377
1748721525
2561626901
1840506893
2730181850
2654353472
1887784371
1828672142
1829004117
2550767337
1779965161
2640737991
2196819752
1996757740
1644798250
2608754187
2643913157
2562302600
1486340213
1843679482
1853360532
1823045921
2548961905
1620531047
1861730610
1826355371
1824305155
1750023941
1696841865
2105646254
1395884865
1888262797
1810528950
2634500502
1733352654
2640126863
2073313345
1941476314
1548901522
2656244384
1766333684
1799900830
2641159711
1851060262
1812331177
1978461353
1282308523
1850387677
1772532173
1341238654
1558580354
1873146087
1584670637
1739022420
1721892773
1644053091
2640988533
1400832273
2139456724
1979773397
1840229981
1816744223
2309419373
1737786695
2358625920
2452659117
1787382327
1838036681
1930397751
1702961203
2155064764
1816569313
2565244767
1935547752
1656654313
1710037210
1749229281
1230519292
1920155745
1716299710
1795383322
1821507063
2029641241
2640942701
2597758240
1891696313
1904866730
1719871291
1769929912
2502193307
1958120412
2716575580
1861197772
2285142524
1799934731
1235256827
2614938085
1897897985
1938103691
1152902524
2391579713
1734754474
1854239455
1658042877
1247082013
2376928853
2016291667
1882395552
1729895853
1470939147
1746842743
1733674044
1863097471
1750729330
1819698393
1979707563
2640850973
2480028152
2266103294
2640823021
1825251063
2146198922
1867031993
2640810721
1969471243
1595761495
2622174050
1219915267
2141875387
2640763373
2005718653
1843777321
1732188857
1271931957
1107813234
1703017701
1728187873
2002930583
1882065714
2190175602
1423689921
1678779180
1735823304
1400865774
2040366161
1449772001
1722736270
1237137233
1942387563
2593842064
1876405371
1866739227
1358808043
2191944624
2026206035
1066839764
1770993917
1936246040
1992857431
2130206495
2640653101
2540637524
1706176533
2652031982
2217705073
2625495855
1679481222
1577338153
2406792907
1782413413
2242176011
1484191091
1666920504
1265051302
1746816807
2002709807
1729964633
1255557777
1740614064
1736266283
1752291155
1401681784
1967409664
1891072770
1931418953
1774937480
2105142912
2729891510
1718676195
1715267005
1732787725
2531495951
1917917195
1930794981
1838001825
1861658365
1417558357
1216374963
1661836172
1772172472
2027072221
2319002930
1425731404
1271653214
2159549877
1096692562
1759326181
1439254922
1776179131
2336037704
1655263774
2483198950
1919252691
2485682363
1800245232
2118644562
1897807087
2108364597
1879646743
1957435054
2640416253
2159589525
2634055671
2042236383
1364546883
1627065140
2129679421
2102069842
1928232357
1903663843
2403526604
1940479994
2623570045
1671862101
1540939513
1110042423
1461944124
2547383392
1416945771
1795013283
1871041431
1865027195
2235212924
2452453922
1720415757
2407928383
1744730502
2607891521
2645176372
1277566264
1710301442
2496112821
1659126450
2655443284
2655613660
1954118493
2656156922
2655631300
1149536277
2278170302
1909141032
2359879593
1672437657
2402432873
2525741607
1044510097
2630639883
2148084570
1731141821
1583275637
1141733691
2304213122
1835385490
2385452943
2382313793
1680546361
1704798750
1895416170
1880498892
2167153011
1893265342
1761561217
2123194122
1801937334
1750488675
1694965727
2639833283
2603129257
2111212733
2701138210
2726935780
2088685775
2396181585
1857808072
2049978410
2639821723
1811521345
2638199132
1648686002
2205823720
2639847793
2273788422
1833738275
2727989770
2639832931
1177912954
2260892972
1628718451
1829445327
2136768382
1249728845
2540993570
1822294811
1776581191
2181930641
1709344503
2529973840
1797421243
1923199142
1729408694
1912641564
1759187503
1767430245
2121767337
2079186830
2540937112
2142696407
1497267885
1259908010
1429059985
1685013563
1839177824
1835569410
1376446972
2628476221
1672038205
1981547003
1775819375
2008920485
1790126723
1912301991
1797888672
1640441231
1092766064
1945668567
1949947540
2481431391
1765153031
1836258717
2609591003
2072517441
1829936457
1964894905
2137478063
1745435807
2390702812
2260395344
2632609213
1654001723
2049744987
1646481520
2211215163
1877507541
2342595577
2604670575
1769614160
1226663573
1731800703
2425690807
2104253283
1668351284
1967530277
2100341433
1745973872
2008769775
1085982420
1595972792
1764915977
1693146651
2629280553
2639281341
2504202652
1925221993
2417960335
2699463464
2245225411
1421139230
1868628743
1876902413
1227780662
1596958737
1457568465
1629854500
1765844870
2646389605
1862919930
1664762483
1821277672
2051269213
2372514477
1670627381
2646791177
1900152587
1765353860
2024088333
2380383381
1879439570
2099569430
2165407014
1759630393
2004873165
1202234703
2319074492
2178290560
1974805887
1681912187
1773625630
1898194907
1771560252
1785947694
1025298787
2637228230
2576479374
2407080395
1699950613
2414124157
2566792702
2043803861
2647969825
1781048821
1978782463
1918252732
1991195847
1859603092
1972380811
2020761447
1799669953
1875808973
1411511015
2630086733
2474230454
2239349323
1564463041
1925731161
2178271312
1136042422
1256757573
2431037670
2055925115
1666798003
2413416932
2090134451
1946090592
1681534142
2018779101
2268454594
2358102965
2280187031
1659969325
1750004222
1827017907
1408527810
1991371804
1597113944
1835110323
2447131595
2179262014
1840932372
2041006737
1868362294
1807262960
2068251795
1863281074
2131538032
1732628512
1736490700
1587349321
2524282940
2328989237
1154735180
2256153702
2304584674
1805535113
1690373410
2400443262
1738160351
1845735495
1820633351
1606699000
1979242233
1724526047
1748446492
1310168713
1269693213
1621416047
1887705390
1295910761
1727466203
1852357833
1677756317
1615152147
1406513757
1994601721
2516795907
1423909212
1726132242
1910882313
1883477574
1958476567
1807650642
1950707155
1759634681
1257813492
2303345220
1994564333
2640607140
1947205331
2375877287
2104320937
1686773240
1723602597
1463494313
2157985147
2606556551
1928765503
1770118121
2634246503
1869329591
2638829001
2638779723
1283205923
2638793123
1931169482
1787153341
1778726771
2040656642
2729187460
1768302631
2434865425
1690899933
1040114452
1862068962
1854248695
2638643273
1247694743
2438927274
1687013443
1730248591
1226157155
2057569010
2162063350
2638663231
1395803655
1975266385
1645619363
1975477593
1231207275
1669249321
2279595851
2065675985
2373969335
2337276820
2711645420
2255645632
1854462681
1855935501
1685163935
1779293585
2174054134
2463843772
1832061177
1921629437
1654803483
2031881211
2323183487
2269419352
1669668252
2291343623
1132578242
1584086351
1298438801
2516053274
1930961914
1739904641
1759081871
1808472777
1436989282
1833056620
1684360667
2196846891
1497449263
2482581255
2341852793
2012108283
2087622345
2490731215
1781818745
2542294733
1247004030
2061011682
2488569962
1797670037
1133735013
1850044830
1824281692
2634146261
2635251171
2149832002
2613938805
2619495217
1655030885
1899319991
1829577175
2572142422
1659529344
1229047204
1281212150
1649015664
2173707254
1750242832
1152483687
1747979535
2260139904
2504084844
1952258884
1307463433
2534275354
2289651727
1737601800
2638276323
2638301331
1944733882
1967446881
1907093903
2638262871
1769158580
1749793443
2505521640
2701785104
1789777137
2633990413
1870342741
2631062051
1799525974
1729934723
2114043901
1793273277
1789082413
2101058134
1950498565
2533935723
1792365533
2144231175
2203735680
2376050112
2638134691
1698079825
2030514647
1976387693
2638033681
1745081503
1752818662
2600873512
2637989493
1644796737
1805648323
1876181453
1900609080
1751999681
1768942377
1942874415
2633244691
1912853495
1821756104
1400723105
1001108911
2629330501
1748539022
1233767671
2639425394
1997345207
1937451631
1705198683
1296444001
1598277687
1232244555
1925946690
1761669217
1860341044
2129265213
1968809775
1934877187
1289336177
2287816411
1865213841
1451323733
1989089187
1753039244
2411721712
1845146272
1878632975
1900588301
2038499777
1980965211
1156068760
1930880322
1792757460
1866983640
1917773462
1856821617
1855253481
1732918637
2042653757
2011917357
2637331861
1044090330
2094793044
1043527663
2637295271
1908943897
2509436062
2322725902
2321297445
1887651463
1868441650
1894666321
1938615744
2317272785
2637284047
1862454733
1737716453
1681784722
1835127085
2284822085
2123881431
1242308147
1814471247
1171299167
1894634537
1970391874
1790979611
2618122511
1834197040
1670177415
2389065375
2586240565
1745974522
1881433017
2150897993
2632417701
2636894241
2403206994
2636875171
1796129417
1075325705
1248896491
1838840665
2142226571
1460923302
2054681492
1270078365
1080774962
2422721482
2574005584
1886845554
1825267817
1664894664
1749258334
1853987445
1810712521
2635582493
2636707891
2238036122
1285996541
2636691121
1649773681
1886008803
1939196315
2118343274
1734235664
2131460684
1747282211
2274483484
2372961254
2248234952
1744015690
1844180824
1926904075
2636510841
2600537184
1890960584
2155027061
2305375214
1809537912
1953132413
2186121671
1225349944
1819195551
1249213391
1682862080
1776146582
2519044142
1714841722
1692547621
1760183192
2571376211
2537613922
1763666132
2630161463
2728003914
1769636173
1709546220
1938384432
2617713637
1085969497
1893474084
2073169587
1316691850
2636239073
1677675202
1655541324
1716507374
1689679142
1769679384
1785947630
2407514231
1829296315
1906167807
1931509542
1880228993
2561181227
1769930767
2475569380
2177402091
2178825534
2636007813
1821969984
1785720755
2636055193
1660547950
1242587791
1151123092
2437678934
2012358087
1887243700
1747525531
1463875360
1163319651
1309661125
2530152153
1768987637
1723567212
2421967321
1798805760
1892436501
1572659541
1705302635
2562259144
1320589867
2382898101
2575451301
1921735180
1655617213
2713875904
1144696320
2071287087
2140138724
2009981527
1217344282
2628587171
1746452201
1779908872
1879830405
1945860821
2346833415
1918921074
2165196841
1886290215
2422914760
1901019260
2325826542
1886108454
1907919730
1705180394
2550891584
1886013892
1829571977
1728744551
2043362771
1459400913
1380331333
2635599741
1693499460
2102208640
1735625550
1845670713
1403921951
2171950437
1751186407
1751310990
2299075563
1968200035
2008518727
1822229930
1915398271
1951578201
1752414792
1741728263
2240376762
1747189363
1784494047
2428009013
1131592782
1660764880
2477834767
2635243343
1772126881
2329699801
2633942051
1240183164
1117384714
2296177835
2095795510
2136706130
2718244960
1427737314
1977330783
1786113492
1647924290
1674711905
2002419791
1062055754
1989195735
2003723627
2217218083
2024107643
1723853707
1138805363
2104898815
1254923800
2419745382
1662354164
1777371437
2396557962
1669794952
1795298270
1658297401
1743769402
2496585514
2249614032
2634919381
1769905884
1911976335
1277123071
2293281754
2558169151
2312942525
1800095567
2188451477
1846886445
2019271654
2657853000
1808463897
1088347822
1068414225
2422056190
1593979791
2116091201
1862274113
2627471323
2137927151
1718028115
1740796731
1073809895
1935841554
1309585555
2267219395
1809804545
1269266247
2315309885
1213412265
1592017905
1645168151
2006723627
2036792284
2157402884
1994572072
1401741227
1597667395
2554294614
1782413941
2620633517
1247190050
2634244093
2617254275
1691371542
1783586467
2634507961
2032461795
1846242317
1191495483
2281845753
1575585672
1878382200
1760148671
1912825682
2413310707
2634316073
1733418602
1271343792
1110877355
1921200545
1956063047
2073433963
1930877243
2631442004
1785129457
1264629345
1748462263
2348799402
2521744971
2409472064
1434632093
2030166955
1411340100
2605624872
1363149225
2632360763
2617857135
2010843034
1847262563
1876651327
1961846937
1240430262
1695895433
2135884105
2633181583
1926689171
1688032661
1878122475
1870575592
2139551820
1743350537
1843553697
1683797057
1733027097
1505980242
1802015127
2632495301
1932937065
2269687554
2091969091
2618237827
2417234591
1641157732
2633808223
1812484241
2632677017
2465428964
1739748432
1827146410
1659615650
1435494403
2165268461
1647185084
1978896311
1505617905
1989928034
1821057892
1856720614
2092888133
1656463492
1771953751
1744714142
2045305535
2636267867
1880930515
2283559531
1724993311
1951473385
1993781757
1951470035
1951466451
1951518723
2124618411
1996627351
1951511373
1951452965
1363158553
2395813374
2185616375
2336907950
1763100742
1887046561
1866515130
2107976913
1734600637
1267045715
1487789182
2355736473
1704233573
2371528164
2326241715
1689037124
1751790532
1761658497
1896071152
2241609494
1340565273
1863094463
1769709405
2005134584
1762312597
1722579514
2196606887
2638009570
2519253872
2130704974
2408345352
2630162022
2175358903
1011473501
1801707760
1532353867
2363231701
1772854631
2625806053
2043071147
1246378372
1923160025
1742671381
2376126337
1732833164
1628380933
1391926630
2633148133
2374957060
1887212340
1707244985
2076940021
1884873834
2265294797
2505142315
2619826985
1842617720
1928714245
2104465617
1741374450
1739982804
1831498097
1885811690
2676732252
1689326460
1448910033
2021588257
1611474982
2526589943
1749290522
1255498117
1942804795
1803083423
1733963594
1220181750
1765567252
2064553995
2005911363
2078818932
1940538485
1837267530
1251348003
1843361064
2632840063
1936009363
2204826381
1903758501
1967295923
1806636185
1458544705
1947450070
1631149605
1767136085
1774608765
1517900862
2620076893
1872612364
1969933697
1709886303
1735092301
1160171117
1670016553
2311769583
2430743703
2632650483
1783732282
2302663680
2039796985
1907254767
1397280170
1908420671
1687497683
2632172151
2353261897
1586312752
2632523353
1768212851
1576399675
2107102497
1922700262
1721381400
1863453800
1759039475
2005390247
1739231201
1877515670
2308945493
2628064193
1169159173
2253227607
1783306075
1892388073
2050471243
1525070367
1894377844
1834532963
1682720123
2505701145
2557570904
1740140707
1676992132
2543728052
1220976110
1643402050
1671154680
2019620337
2055468881
1903418931
1939141965
1743940762
1896457785
1171320193
1733784953
1856404301
1009602190
2391484785
1925127571
1825357153
1766878147
1430570402
1884852187
1532453005
1752081653
2176670840
2173195075
1739958584
2034561052
1668576497
1760310444
1734105403
2181974927
1802620505
1348059525
2013215121
1648368223
1783567135
1898225341
1797826522
1652587093
1866127480
1691391094
1598665055
1901313803
1217465383
1881578320
1873237530
1834965164
1742710284
1492115924
1929898775
1611539410
2632119793
2392924204
1758758405
2474557671
2507576063
2124657505
1880241593
2632043491
2025154711
1289768133
1802650043
1667946790
2144864925
2127181607
2006250761
2255322315
2608844865
1582762207
1762645177
1732982173
1082718893
2631967911
1649825164
1696437615
1965587187
2486352194
2628203811
1848547655
1885158330
1682520243
2631898791
2630039891
1752617352
1681565540
2112207854
2671962842
2186064647
1691942995
1915106703
2295805457
1552970105
1065535484
2718924500
1832638357
65080349
1955025814
1747192290
1225712340
1881120982
2614478815
2622670441
2089466105
1883465257
2678205594
1674998707
1627100274
1494321082
2462083733
2081521697
1846635360
1923796377
1699359297
1197113640
2129763150
1843783233
1891121432
2406977603
2294638873
2577411884
2304429053
1986747210
1879380904
1047336135
2423247204
1929222647
1789402865
1815407420
2616768907
1971309467
1623803237
2113536274
1144885795
1201805120
2607452881
1198487363
2094365841
2574272482
1920431917
2726973622
1749133672
1855310777
2462203655
1831204244
2631292251
1729312827
2196102431
1709786661
1855496513
2631376993
2631345303
1706026701
1836675352
1228397414
2158740474
2335432654
2613351241
2040779033
2272628655
1236359541
2212189761
1870309315
1273125464
1914042645
1718689911
1882143021
1763769744
2694950604
2585623314
2643638285
2631137091
1196491364
1780379983
1669513395
1412864262
2622332593
2520196142
1089477834
1740639051
1700818405
1770076094
2629296723
1405396900
1462680970
1272548233
2045098861
1776667294
1664704147
2630954153
1928243962
1893378930
1832314370
2137795655
1820067360
2280929034
1596908515
1666279435
1652782571
1858574987
2063177164
2184622417
1834794171
2622571701
1802233140
2136233073
1654463994
1694406797
1760842363
2033924807
2375703711
1849238940
2661731290
2627374945
1737409154
1800212544
1853780825
1527223904
1587845753
1760784742
1763093880
1669528704
1730770260
1396583933
2511517084
2121516253
2156348295
1235469552
1810526434
1969539413
1823515862
1998421291
1825470344
2489753770
1770681657
1875402351
2009629393
1664189292
1928468443
2100323123
1767007701
1661938790
1827335073
1456704913
2599728592
2622152401
1729915634
2139761923
2123907711
1893174215
1812052325
1804017191
1730335863
1455611065
2138488587
2284387532
1744559417
1930342152
2096334733
1879631155
2105226003
1839393860
2091615184
1886396314
1914923335
1743340377
2261073013
2122746511
1838993405
1362199534
1867544554
1774017917
2630221333
1885648792
1231617351
2487648501
2410168344
1732628875
2208851040
1658534122
2368285774
2002797484
2144196351
1886040164
1862722183
1864466894
1834896014
1806722613
2630109733
2272708184
1981541065
2630102001
2678927992
1648915343
1364349203
1223950124
1998920611
2185923452
2630029463
1768645782
1260812613
1401849603
2170626810
1872069530
1146997180
2102003853
1899961174
2576673720
1787695524
1967804271
2477345530
1870122297
1873553642
2124229730
