3423785317812350,3423785317812350
3423535936566411,3423535936566411
3423508359126607,3423508359126607
3423489371530674,3423489371530674
3423445117339102,3423445117339102
3423434803460080,3423434803460080
3423426239238691,3423426239238691
3423170013277886,3423170013277886
3423164232901360,3423164232901360
3423155278333304,3423155278333304
3423143371132975,3423143371132975
3423131723382320,3423131723382320
3423084407028307,3423084407028307
3423075540395139,3423075540395139
3423058197235511,3423058197235511
3422809944279724,3422809944279724
3422783881271230,3422783881271230
3422760678331380,3422760678331380
3422723940167644,3422723940167644
3422716998842371,3422716998842371
3422692273255844,3422692273255844
3421735712280644,3421735712280644
3421734890311260,3421734890311260
3421715008839414,3421715008839414
3421708562101112,3421708562101112
3421692280332370,3421692280332370
3421684609036333,3421684609036333
3421668846707921,3421668846707921
3421631369891463,3421631369891463
3421623313045610,3421623313045610
3421609081317936,3421609081317936
3421351622550562,3421351622550562
3421341748931797,3421341748931797
3421321969363360,3421321969363360
3421314536548216,3421314536548216
3421254470509749,3421254470509749
3421248258764506,3421248258764506
3421000828075814,3421000828075814
3420989675744619,3420989675744619
3420985266634669,3420985266634669
3420942510687181,3420942510687181
3420934679900442,3420934679900442
3420901536640745,3420901536640745
3420884293737506,3420884293737506
3420644940844828,3420644940844828
3420640772171431,3420640772171431
3420640516742465,3420640516742465
3420629933688925,3420629933688925
3420614520331506,3420614520331506
3420591157935499,3420591157935499
3420585017533508,3420585017533508
3420531708009468,3420531708009468
3420519791441251,3420519791441251
3420311535814558,3420311535814558
3420274878105401,3420274878105401
3420266137361445,3420266137361445
3420242359404796,3420242359404796
3420227604047683,3420227604047683
3420217613066713,3420217613066713
3420180162338449,3420180162338449
3420162638112231,3420162638112231
3420159392323946,3420159392323946
3419991032200427,3419991032200427
3419195561292418,3419195561292418
3419183414689332,3419183414689332
3419174853996200,3419174853996200
3419157313448885,3419157313448885
3419110777956655,3419110777956655
3419096568056897,3419096568056897
3419094500370737,3419094500370737
3418807387560328,3418807387560328
3418794728865508,3418794728865508
3418776467193084,3418776467193084
3418732418224390,3418732418224390
3418731302168190,3418731302168190
3418716941821481,3418716941821481
3418450213316281,3418450213316281
3418426955120930,3418426955120930
3418412556709979,3418412556709979
3418369044813251,3418369044813251
3418362745060362,3418362745060362
3418356826811213,3418356826811213
3418351470987907,3418351470987907
3418097182441120,3418097182441120
3418069705179629,3418069705179629
3418059723506217,3418059723506217
3418053377236000,3418053377236000
3418044607487731,3418044607487731
3417996300816302,3417996300816302
3417986356882498,3417986356882498
3417982061210999,3417982061210999
3417752896815675,3417752896815675
3417735884726277,3417735884726277
3417729300145456,3417729300145456
3417725298907757,3417725298907757
3417688795672792,3417688795672792
3417636358334421,3417636358334421
3417632399568797,3417632399568797
3417625591635288,3417625591635288
3416668208204651,3416668208204651
3416664026420320,3416664026420320
3416658251322970,3416658251322970
3416629301758908,3416629301758908
3416615335297171,3416615335297171
3416606049282093,3416606049282093
3416550012694698,3416550012694698
3416538512535653,3416538512535653
3416528885915310,3416528885915310
3416284551105927,3416284551105927
3416279459140951,3416279459140951
3416257242176914,3416257242176914
3416254285059346,3416254285059346
3416239622269979,3416239622269979
3416189361701421,3416189361701421
3416179273722467,3416179273722467
3415931356968043,3415931356968043
3415917389704036,3415917389704036
3415908741162177,3415908741162177
3415899073572544,3415899073572544
3415846053297797,3415846053297797
3415832979472363,3415832979472363
3415564279968724,3415564279968724
3415551705641340,3415551705641340
3415535645989695,3415535645989695
3415519590320470,3415519590320470
3415465055808853,3415465055808853
3415454804342077,3415454804342077
3415446075855242,3415446075855242
3415199145158047,3415199145158047
3415188671825834,3415188671825834
3415182934539225,3415182934539225
3415150814264474,3415150814264474
3415104391176477,3415104391176477
3415095034087680,3415095034087680
3415086758303924,3415086758303924
3414891799107360,3414891799107360
3414407042599347,3414407042599347
3414113620980828,3414113620980828
3414099927025252,3414099927025252
3414086408911928,3414086408911928
3414085918090480,3414085918090480
3414072374618189,3414072374618189
3414064195573432,3414064195573432
3414008952770895,3414008952770895
3414001112968576,3414001112968576
3413753766867822,3413753766867822
3413742907637787,3413742907637787
3413722628422542,3413722628422542
3413695567179119,3413695567179119
3413648321928070,3413648321928070
3413644043364147,3413644043364147
3413635877791639,3413635877791639
3413390594162536,3413390594162536
3413377722433873,3413377722433873
3413349256022573,3413349256022573
3413342641702005,3413342641702005
3413298282074560,3413298282074560
3413280057544230,3413280057544230
3413276140502335,3413276140502335
3413030873921074,3413030873921074
3413021617401528,3413021617401528
3413015531155287,3413015531155287
3413011140503886,3413011140503886
3412989887651088,3412989887651088
3412976339892341,3412976339892341
3412924183802474,3412924183802474
3412918136106586,3412918136106586
3412913400313166,3412913400313166
3412670096881288,3412670096881288
3412668344360542,3412668344360542
3412664304465086,3412664304465086
3412659447382084,3412659447382084
3412647213262275,3412647213262275
3412632537192041,3412632537192041
3412625482335285,3412625482335285
3412608893408992,3412608893408992
3412572894193338,3412572894193338
3412562286323038,3412562286323038
3412221893538535,3412221893538535
3411571089310833,3411571089310833
3411563820163026,3411563820163026
3411559198318580,3411559198318580
3411555842377710,3411555842377710
3411538876932522,3411538876932522
3411475224078225,3411475224078225
3411467758146244,3411467758146244
3411266058509133,3411266058509133
3411206943340841,3411206943340841
3411191424350113,3411191424350113
3411190967205091,3411190967205091
3411165793471978,3411165793471978
3411127125881109,3411127125881109
3411099133667626,3411099133667626
3410833256414136,3410833256414136
3410817104427296,3410817104427296
3410786640922080,3410786640922080
3410758975289697,3410758975289697
3410751005804903,3410751005804903
3410739274405967,3410739274405967
3410487829872943,3410487829872943
3410451713073729,3410451713073729
3410445304536056,3410445304536056
3410440090773773,3410440090773773
3410402513918948,3410402513918948
3410383266071407,3410383266071407
3410376454301544,3410376454301544
3410122778904522,3410122778904522
3410094404221969,3410094404221969
3410083809858271,3410083809858271
3410075505085114,3410075505085114
3410072224900307,3410072224900307
3410026133689895,3410026133689895
3410015543275513,3410015543275513
3409517721098662,3409517721098662
3409314108245798,3409314108245798
3409032045889047,3409032045889047
3409019777235193,3409019777235193
3409009484242595,3409009484242595
3409003734407996,3409003734407996
3408987972342979,3408987972342979
3408959270337842,3408959270337842
3408956409774914,3408956409774914
3408935606191524,3408935606191524
3408923161392212,3408923161392212
3408772179038151,3408772179038151
3408630147351435,3408630147351435
3408627572621432,3408627572621432
3408613760964467,3408613760964467
3408579090001339,3408579090001339
3408571666330181,3408571666330181
3408564141884177,3408564141884177
3408352811714833,3408352811714833
3408305386680212,3408305386680212
3408300219821009,3408300219821009
3408265575058299,3408265575058299
3408219152012687,3408219152012687
3408206258245890,3408206258245890
3408202051830565,3408202051830565
3407956034616578,3407956034616578
3407945134272584,3407945134272584
3407922065525308,3407922065525308
3407908941203497,3407908941203497
3407852389799241,3407852389799241
3407839613370706,3407839613370706
3407587212979813,3407587212979813
3407568715746538,3407568715746538
3407537418222413,3407537418222413
3407498666990127,3407498666990127
3407497614488240,3407497614488240
3407475358882361,3407475358882361
3407219913352742,3407219913352742
3407189181529474,3407189181529474
3407182635109735,3407182635109735
3407141458879669,3407141458879669
3407119842135499,3407119842135499
3407112354502692,3407112354502692
3406954652891434,3406954652891434
3406043788704545,3406043788704545
3405736090946218,3405736090946218
3405732487729055,3405732487729055
3405370858653630,3405370858653630
3404955371205235,3404955371205235
3404779617471773,3404779617471773
3404727368882673,3404727368882673
3404288733206853,3404288733206853
3404283061870507,3404283061870507
3404269141053728,3404269141053728
3404222651690327,3404222651690327
3403956270678657,3403956270678657
3403926570941146,3403926570941146
3403879800432774,3403879800432774
3403871534136152,3403871534136152
3403854517303992,3403854517303992
3403603337552044,3403603337552044
3403599922875803,3403599922875803
3403575793722656,3403575793722656
3403565064256139,3403565064256139
3403514237325260,3403514237325260
3403501474123217,3403501474123217
3403490552344384,3403490552344384
3403243926877550,3403243926877550
3403238633850826,3403238633850826
3403207294321864,3403207294321864
3403200515965496,3403200515965496
3403184393531564,3403184393531564
3403149861806184,3403149861806184
3403124545409686,3403124545409686
3402880608811600,3402880608811600
3402857280005875,3402857280005875
3402846642453536,3402846642453536
3402783812676574,3402783812676574
3402776258746302,3402776258746302
3402766485205109,3402766485205109
3402515091645566,3402515091645566
3402495978460595,3402495978460595
3402493201150152,3402493201150152
3402480056789762,3402480056789762
3402426843116951,3402426843116951
3402423408638584,3402423408638584
3402418312191444,3402418312191444
3402406509081735,3402406509081735
3401424048308420,3401424048308420
3401416124667054,3401416124667054
3401394692589142,3401394692589142
3401382503859416,3401382503859416
3401348315380295,3401348315380295
3401337779813190,3401337779813190
3401316720291373,3401316720291373
3401094854286038,3401094854286038
3401094686826273,3401094686826273
3401061412651796,3401061412651796
3401043884653205,3401043884653205
3401029506632604,3401029506632604
3401019129665348,3401019129665348
3400973085115020,3400973085115020
3400955603220319,3400955603220319
3400771305213441,3400771305213441
3400701575472230,3400701575472230
3400695745521194,3400695745521194
3400675390200540,3400675390200540
3400657421787674,3400657421787674
3400652493699681,3400652493699681
3400598131144133,3400598131144133
3400594314312242,3400594314312242
3400345809985508,3400345809985508
3400317636676609,3400317636676609
3400301891930214,3400301891930214
3400247676430848,3400247676430848
3400241690714557,3400241690714557
3400229275333407,3400229275333407
3399984840367201,3399984840367201
3399968557544785,3399968557544785
3399958558103420,3399958558103420
3399937213255886,3399937213255886
3399893303916794,3399893303916794
3399883069540697,3399883069540697
3399877800850524,3399877800850524
3399866916848923,3399866916848923
3399722343174987,3399722343174987
3398871466412420,3398871466412420
3398858786718023,3398858786718023
3398848300815796,3398848300815796
3398843141538515,3398843141538515
3398839140587542,3398839140587542
3398797286021891,3398797286021891
3398785885050681,3398785885050681
3398597473725767,3398597473725767
3398519845058868,3398519845058868
3398513675308972,3398513675308972
3398506985401417,3398506985401417
3398496877221482,3398496877221482
3398490492798071,3398490492798071
3398427515459607,3398427515459607
3398418937988442,3398418937988442
3398162046005451,3398162046005451
3398136133018445,3398136133018445
3398121734389726,3398121734389726
3398073935588857,3398073935588857
3398065212206278,3398065212206278
3398053383680039,3398053383680039
3397892796153175,3397892796153175
3397716240034863,3397716240034863
3397548041075893,3397548041075893
3397166950874281,3397166950874281
3397019286476798,3397019286476798
3396688741863183,3396688741863183
3396617233683561,3396617233683561
3396598656185555,3396598656185555
3396424676795653,3396424676795653
3396363762689140,3396363762689140
3396362890261992,3396362890261992
3396348814581040,3396348814581040
3396317822973266,3396317822973266
3396305818572848,3396305818572848
3396241549288960,3396241549288960
3396065791048110,3396065791048110
3395996153733413,3395996153733413
3395992181359020,3395992181359020
3395987328957139,3395987328957139
3395951446113238,3395951446113238
3395950859311105,3395950859311105
3395947343808139,3395947343808139
3395941408993665,3395941408993665
3395893740539378,3395893740539378
3395880587786682,3395880587786682
3395609299522503,3395609299522503
3395579344598397,3395579344598397
3395524956518324,3395524956518324
3395516283005743,3395516283005743
3395215702505317,3395215702505317
3395204600241746,3395204600241746
3395176451758727,3395176451758727
3395167211936507,3395167211936507
3395154075773869,3395154075773869
3394886788821307,3394886788821307
3394867353162776,3394867353162776
3394817893353532,3394817893353532
3394792673668480,3394792673668480
3394489417080372,3394489417080372
3394445619920701,3394445619920701
3393814481580351,3393814481580351
3393777069017153,3393777069017153
3393771696078927,3393771696078927
3393735264139869,3393735264139869
3393717861411569,3393717861411569
3393704301436129,3393704301436129
3393450781468830,3393450781468830
3393425657581528,3393425657581528
3393409517949181,3393409517949181
3393356384492856,3393356384492856
3393346565235801,3393346565235801
3393090637191081,3393090637191081
3393074774858280,3393074774858280
3393069070586181,3393069070586181
3393046450038507,3393046450038507
3392999947575303,3392999947575303
3392980960152580,3392980960152580
3392725892261410,3392725892261410
3392718896109566,3392718896109566
3392702463022297,3392702463022297
3392680895321971,3392680895321971
3392639557058616,3392639557058616
3392634489972509,3392634489972509
3392622565211782,3392622565211782
3392377572225841,3392377572225841
3392376950999511,3392376950999511
3392370712753946,3392370712753946
3392354310511850,3392354310511850
3392337405671547,3392337405671547
3392319797851539,3392319797851539
3392259212593524,3392259212593524
3392255920315882,3392255920315882
3392072679190723,3392072679190723
3391273493154096,3391273493154096
3391267581398454,3391267581398454
3391241401719901,3391241401719901
3391237031450315,3391237031450315
3391187609946818,3391187609946818
3391176897835823,3391176897835823
3391170157436164,3391170157436164
3390987852374973,3390987852374973
3390942494920622,3390942494920622
3390929774130638,3390929774130638
3390913691121877,3390913691121877
3390904463552064,3390904463552064
3390876359027533,3390876359027533
3390826197927557,3390826197927557
3390820239706055,3390820239706055
3390808338414819,3390808338414819
3390627725269209,3390627725269209
3390563741582978,3390563741582978
3390561478721917,3390561478721917
3390548436323492,3390548436323492
3390526638682390,3390526638682390
3390520277657376,3390520277657376
3390510802877386,3390510802877386
3390470361583964,3390470361583964
3390456731682032,3390456731682032
3390447003280323,3390447003280323
3390267337755876,3390267337755876
3390180631574953,3390180631574953
3390161439991908,3390161439991908
3390153831426939,3390153831426939
3390142880628105,3390142880628105
3390099484431973,3390099484431973
3390089457974430,3390089457974430
3390078531191555,3390078531191555
3389901938176070,3389901938176070
3389834561044714,3389834561044714
3389820026436557,3389820026436557
3389804379086299,3389804379086299
3389791998021115,3389791998021115
3389737016627349,3389737016627349
3389728665663675,3389728665663675
3389728068030373,3389728068030373
3389718203409409,3389718203409409
3389514191856719,3389514191856719
3389504704429838,3389504704429838
3389219433022377,3389219433022377
3388763996887508,3388763996887508
3388742396380943,3388742396380943
3388727563028227,3388727563028227
3388719320865214,3388719320865214
3388702422533400,3388702422533400
3388690611230231,3388690611230231
3388649976587148,3388649976587148
3388630250702701,3388630250702701
3388375236741398,3388375236741398
3388367960514336,3388367960514336
3388349941702257,3388349941702257
3388330738165469,3388330738165469
3388296769911275,3388296769911275
3388275143794421,3388275143794421
3388271583802779,3388271583802779
3388089106198467,3388089106198467
3388038497403772,3388038497403772
3388003116447978,3388003116447978
3387980410124542,3387980410124542
3387962404241130,3387962404241130
3387930699197108,3387930699197108
3387917844461037,3387917844461037
3387907026673217,3387907026673217
3387727364334417,3387727364334417
3387682283403987,3387682283403987
3387659483762670,3387659483762670
3387652711725512,3387652711725512
3387647615589674,3387647615589674
3387623706288235,3387623706288235
3387620868744487,3387620868744487
3387614000529070,3387614000529070
3387605970415579,3387605970415579
3387561227574176,3387561227574176
3387547436324636,3387547436324636
3387404666475431,3387404666475431
3387398517727967,3387398517727967
3387365219293995,3387365219293995
3387295010906345,3387295010906345
3387288768168677,3387288768168677
3387262736232169,3387262736232169
3387239316876183,3387239316876183
3387205894568171,3387205894568171
3387196029579589,3387196029579589
3387184742489976,3387184742489976
3387028357827465,3387028357827465
3386658348823642,3386658348823642
3386462847189783,3386462847189783
3386221370080911,3386221370080911
3386213325369498,3386213325369498
3386194945382555,3386194945382555
3386172097437563,3386172097437563
3386163224293429,3386163224293429
3386111336659752,3386111336659752
3386090213762788,3386090213762788
3385937296035777,3385937296035777
3385848617578176,3385848617578176
3385844624795066,3385844624795066
3385828231754050,3385828231754050
3385809824892284,3385809824892284
3385797279152201,3385797279152201
3385756179955917,3385756179955917
3385731926233022,3385731926233022
3385504995192452,3385504995192452
3385487157099727,3385487157099727
3385471419549955,3385471419549955
3385452004863690,3385452004863690
3385433041883751,3385433041883751
3385398527310804,3385398527310804
3385376928869150,3385376928869150
3385192905180151,3385192905180151
3385113279031778,3385113279031778
3385083689932596,3385083689932596
3385066084593344,3385066084593344
3385022180617210,3385022180617210
3385011220334544,3385011220334544
3384846464285826,3384846464285826
3384777702886489,3384777702886489
3384764017205035,3384764017205035
3384745266276808,3384745266276808
3384716667637880,3384716667637880
3384700714439173,3384700714439173
3384667994794002,3384667994794002
3384662938749097,3384662938749097
3384473829387016,3384473829387016
3384092389604587,3384092389604587
3383786190196864,3383786190196864
3383700407985305,3383700407985305
3383695869009706,3383695869009706
3383651427391332,3383651427391332
3383643903034532,3383643903034532
3383634364585794,3383634364585794
3383623568563493,3383623568563493
3383576511068343,3383576511068343
3383567260763470,3383567260763470
3383560541154291,3383560541154291
3383400112807261,3383400112807261
3383333334007882,3383333334007882
3383305477368409,3383305477368409
3383285671161802,3383285671161802
3383272736369177,3383272736369177
3383258796547719,3383258796547719
3383226930685885,3383226930685885
3383210429478383,3383210429478383
3383209979213049,3383209979213049
3383038723665153,3383038723665153
3383029022013935,3383029022013935
3382996247382872,3382996247382872
3382926189964581,3382926189964581
3382917058842973,3382917058842973
3382905455918243,3382905455918243
3382902561816985,3382902561816985
3382851129229929,3382851129229929
3382838227084163,3382838227084163
3382586166150894,3382586166150894
3382577630618391,3382577630618391
3382568097085263,3382568097085263
3382565094677498,3382565094677498
3382542585807633,3382542585807633
3382526179784071,3382526179784071
3382480641704070,3382480641704070
3382468895989370,3382468895989370
3382230443072744,3382230443072744
3382225926157896,3382225926157896
3382208792599709,3382208792599709
3382180215075540,3382180215075540
3382166274859303,3382166274859303
3382138650985911,3382138650985911
3382116786287286,3382116786287286
3382106403159537,3382106403159537
3381930064037039,3381930064037039
3381585107849864,3381585107849864
3381576865562669,3381576865562669
3381214532540565,3381214532540565
3381137629929870,3381137629929870
3381117950039159,3381117950039159
3381108387399747,3381108387399747
3381081333912811,3381081333912811
3381041429531231,3381041429531231
3381027651185207,3381027651185207
3380797077727948,3380797077727948
3380753683668708,3380753683668708
3380743615523752,3380743615523752
3380729142194671,3380729142194671
3380679335314556,3380679335314556
3380674016382035,3380674016382035
3380660842403942,3380660842403942
3380485718071931,3380485718071931
3380376945138252,3380376945138252
3380363064225812,3380363064225812
3380317169511561,3380317169511561
3380305831999045,3380305831999045
3380296777251862,3380296777251862
3380077788007304,3380077788007304
3380075556285930,3380075556285930
3380036045916749,3380036045916749
3380014903055499,3380014903055499
3379960414498912,3379960414498912
3379953028218186,3379953028218186
3379942366751777,3379942366751777
3379933566627235,3379933566627235
3379678800767750,3379678800767750
3379660241435177,3379660241435177
3379647156889918,3379647156889918
3379630477869014,3379630477869014
3379584609548688,3379584609548688
3379569157425287,3379569157425287
3379425001535687,3379425001535687
3379059884988024,3379059884988024
3378552009727680,3378552009727680
3378509201981710,3378509201981710
3378487815564887,3378487815564887
3378250868941039,3378250868941039
3378222005828855,3378222005828855
3378197020456561,3378197020456561
3378187457504756,3378187457504756
3378137121864323,3378137121864323
3378127632600101,3378127632600101
3378127369959225,3378127369959225
3378123129704368,3378123129704368
3377948260686937,3377948260686937
3377885387919498,3377885387919498
3377871630820202,3377871630820202
3377856933638597,3377856933638597
3377826847894097,3377826847894097
3377788818463947,3377788818463947
3377760272080313,3377760272080313
3377582663920638,3377582663920638
3377514615892574,3377514615892574
3377485165196699,3377485165196699
3377465093500310,3377465093500310
3377414873077034,3377414873077034
3377409506522793,3377409506522793
3377398720844367,3377398720844367
3377221135793074,3377221135793074
3377165649405913,3377165649405913
3377151258804531,3377151258804531
3377122603376156,3377122603376156
3377108879419055,3377108879419055
3377049085439482,3377049085439482
3377031255459164,3377031255459164
3376826883632497,3376826883632497
3376512044993489,3376512044993489
3376075742924140,3376075742924140
3376059850456067,3376059850456067
3376053968257974,3376053968257974
3376036903659209,3376036903659209
3376016410256348,3376016410256348
3375965868908840,3375965868908840
3375959875207360,3375959875207360
3375954452140302,3375954452140302
3375767671532202,3375767671532202
3375705045961186,3375705045961186
3375699302576373,3375699302576373
3375657868503421,3375657868503421
3375650566142490,3375650566142490
3375598648991704,3375598648991704
3375591384855166,3375591384855166
3375405094527309,3375405094527309
3375353112546022,3375353112546022
3375342211730678,3375342211730678
3375338503549652,3375338503549652
3375303139409522,3375303139409522
3375285601223746,3375285601223746
3375240281963620,3375240281963620
3375228743174014,3375228743174014
3375042106962295,3375042106962295
3374977739506319,3374977739506319
3374973654150850,3374973654150850
3374947661602834,3374947661602834
3374930918424738,3374930918424738
3374887595273183,3374887595273183
3374872072196049,3374872072196049
3374861699449299,3374861699449299
3374690309543775,3374690309543775
3374675766218726,3374675766218726
3374581335551230,3374581335551230
3374569251516040,3374569251516040
3374527191321794,3374527191321794
3374514679789345,3374514679789345
3374496492931995,3374496492931995
3374319080378089,3374319080378089
3373971845928654,3373971845928654
3373609479584703,3373609479584703
3373534298886512,3373534298886512
3373503961584348,3373503961584348
3373478871180848,3373478871180848
3373431668726882,3373431668726882
3373413410414939,3373413410414939
3373168484155900,3373168484155900
3373163116113123,3373163116113123
3373104336647207,3373104336647207
3373064616156625,3373064616156625
3373054395095325,3373054395095325
3372835506796971,3372835506796971
3372761791878564,3372761791878564
3372750555716220,3372750555716220
3372711049217766,3372711049217766
3372691516309877,3372691516309877
3372451484760862,3372451484760862
3372425392132156,3372425392132156
3372411445803676,3372411445803676
3372400427209448,3372400427209448
3372395574333916,3372395574333916
3372338569719423,3372338569719423
3372329132387221,3372329132387221
3372179265744946,3372179265744946
3372079512670857,3372079512670857
3372078510549707,3372078510549707
3372058029724327,3372058029724327
3372034323364715,3372034323364715
3371966950266487,3371966950266487
3371961589862756,3371961589862756
3371102878218447,3371102878218447
3370988989525095,3370988989525095
3370980378803276,3370980378803276
3370962725163200,3370962725163200
3370936967884963,3370936967884963
3370900829318718,3370900829318718
3370885180683576,3370885180683576
3370878083737569,3370878083737569
3370705326346477,3370705326346477
3370625645328680,3370625645328680
3370599590471267,3370599590471267
3370588840208397,3370588840208397
3370575452375015,3370575452375015
3370524709442812,3370524709442812
3370516443181582,3370516443181582
3370342938738652,3370342938738652
3370251521792432,3370251521792432
3370226552979147,3370226552979147
3370217162837766,3370217162837766
3370176112256316,3370176112256316
3370170513034723,3370170513034723
3370150862651028,3370150862651028
3369995564798474,3369995564798474
3369900635042596,3369900635042596
3369879978289167,3369879978289167
3369844712218962,3369844712218962
3369795249253485,3369795249253485
3369787959075706,3369787959075706
3369620691648226,3369620691648226
3369529850193630,3369529850193630
3369503283975534,3369503283975534
3369492071965742,3369492071965742
3369438934248941,3369438934248941
3369425298893843,3369425298893843
3369274127589865,3369274127589865
3368550300323905,3368550300323905
3368461103525487,3368461103525487
3368455978698332,3368455978698332
3368441139235238,3368441139235238
3368427830137018,3368427830137018
3368411753791220,3368411753791220
3368370103809424,3368370103809424
3368341850839900,3368341850839900
3368169158937478,3368169158937478
3368103438422036,3368103438422036
3368074459820957,3368074459820957
3368053287333746,3368053287333746
3368044244184631,3368044244184631
3368004222511649,3368004222511649
3367995506558062,3367995506558062
3367977294662517,3367977294662517
3367801228256532,3367801228256532
3367731500128781,3367731500128781
3367709446519968,3367709446519968
3367706640437292,3367706640437292
3367694343479296,3367694343479296
3367681625876365,3367681625876365
3367635966935839,3367635966935839
3367622078919711,3367622078919711
3367614420198968,3367614420198968
3367418648388977,3367418648388977
3367392910672410,3367392910672410
3367332270044180,3367332270044180
3367312439018360,3367312439018360
3367271833701681,3367271833701681
3367260568076726,3367260568076726
3367252062468012,3367252062468012
3367077144944580,3367077144944580
3367015754720043,3367015754720043
3366990517781258,3366990517781258
3366981566908111,3366981566908111
3366948788500008,3366948788500008
3366906602175394,3366906602175394
3366884875700624,3366884875700624
3366739304156602,3366739304156602
3366670391599350,3366670391599350
3366638141617578,3366638141617578
3366608580294926,3366608580294926
3366584223706082,3366584223706082
3366546089242791,3366546089242791
3366541672800022,3366541672800022
3366534164820996,3366534164820996
3366527848313653,3366527848313653
3366394028641055,3366394028641055
3366263623728493,3366263623728493
3366247915992507,3366247915992507
3366178542427139,3366178542427139
3366160494149564,3366160494149564
3365996438195275,3365996438195275
3365522712368016,3365522712368016
3365473203030318,3365473203030318
3365256900010696,3365256900010696
3364966946286476,3364966946286476
3364909641235560,3364909641235560
3364532145344934,3364532145344934
3364177294681260,3364177294681260
3363701660797237,3363701660797237
3363364743297631,3363364743297631
3363345017594906,3363345017594906
3363333311051809,3363333311051809
3363289379733602,3363289379733602
3363279745721205,3363279745721205
3363278336147353,3363278336147353
3363263668604071,3363263668604071
3363109813202522,3363109813202522
3363049641932906,3363049641932906
3363030633405849,3363030633405849
3363018214042144,3363018214042144
3362982587616564,3362982587616564
3362980129447647,3362980129447647
3362978753940307,3362978753940307
3362928136964074,3362928136964074
3362911913519085,3362911913519085
3362907132163720,3362907132163720
3362744628127641,3362744628127641
3362654022279705,3362654022279705
3362641146009570,3362641146009570
3362621625815692,3362621625815692
3362601140940239,3362601140940239
3362592102284102,3362592102284102
3362556123221860,3362556123221860
3362543024375886,3362543024375886
3362293375165877,3362293375165877
3362252430265854,3362252430265854
3362250253889823,3362250253889823
3362232121570024,3362232121570024
3362190543753501,3362190543753501
3362183073529754,3362183073529754
3362009238428176,3362009238428176
3361905972553418,3361905972553418
3361897525052920,3361897525052920
3361871369371747,3361871369371747
3361834665424252,3361834665424252
3361817543910260,3361817543910260
3361658718500249,3361658718500249
3361308934474334,3361308934474334
3360944369458349,3360944369458349
3360835775142198,3360835775142198
3360825419445669,3360825419445669
3360811313736227,3360811313736227
3360800408820812,3360800408820812
3360746725772925,3360746725772925
3360728895902318,3360728895902318
3360558428347264,3360558428347264
3360483751221109,3360483751221109
3360481666601003,3360481666601003
3360463026946097,3360463026946097
3360461437764282,3360461437764282
3360432928793188,3360432928793188
3360426905884971,3360426905884971
3360367283809940,3360367283809940
3360204142076295,3360204142076295
3360094998582698,3360094998582698
3360088249991333,3360088249991333
3360024982301485,3360024982301485
3360005071987344,3360005071987344
3359831135633460,3359831135633460
3359733000181264,3359733000181264
3359710854313050,3359710854313050
3359699059731720,3359699059731720
3359672531081334,3359672531081334
3359659692065748,3359659692065748
3359640713137790,3359640713137790
3359480943581218,3359480943581218
3359364085748133,3359364085748133
3359351226011369,3359351226011369
3359308549261494,3359308549261494
3359296033450797,3359296033450797
3359275129104482,3359275129104482
3359103848518720,3359103848518720
3358761823143732,3358761823143732
3358422430932125,3358422430932125
3358302973386056,3358302973386056
3358294450144418,3358294450144418
3358263303345411,3358263303345411
3358223562414250,3358223562414250
3358208593076215,3358208593076215
3358195003253714,3358195003253714
3358024720194693,3358024720194693
3357966044938225,3357966044938225
3357957215516809,3357957215516809
3357944595294525,3357944595294525
3357909740669766,3357909740669766
3357889641203985,3357889641203985
3357851644906185,3357851644906185
3357834171768233,3357834171768233
3357662076985700,3357662076985700
3357581166876552,3357581166876552
3357540130184136,3357540130184136
3357525093553131,3357525093553131
3357479652242878,3357479652242878
3357463025922604,3357463025922604
3357304695174246,3357304695174246
3357216778278721,3357216778278721
3357205718127701,3357205718127701
3357171396232010,3357171396232010
3357139272134952,3357139272134952
3357114475160543,3357114475160543
3357108401669607,3357108401669607
3356933526595293,3356933526595293
3356591267352401,3356591267352401
3356566101452290,3356566101452290
3356213779125653,3356213779125653
3356032585566202,3356032585566202
3355862299382381,3355862299382381
3355770775400173,3355770775400173
3355762382854784,3355762382854784
3355754727886787,3355754727886787
3355725162099525,3355725162099525
3355676118254724,3355676118254724
3355671001533352,3355671001533352
3355654039624795,3355654039624795
3355478638508541,3355478638508541
3355405703016043,3355405703016043
3355386371731691,3355386371731691
3355348715064568,3355348715064568
3355317778086047,3355317778086047
3355294164133659,3355294164133659
3355120328618315,3355120328618315
3355054534851408,3355054534851408
3355047098441643,3355047098441643
3355028299861412,3355028299861412
3354995639033274,3354995639033274
3354952017919002,3354952017919002
3354930509778374,3354930509778374
3354755948624779,3354755948624779
3354693862729241,3354693862729241
3354688267666590,3354688267666590
3354646253042669,3354646253042669
3354606898381282,3354606898381282
3354583015879536,3354583015879536
3354567358269456,3354567358269456
3354394096009503,3354394096009503
3354324940135012,3354324940135012
3354294325861636,3354294325861636
3354265200734563,3354265200734563
3354201766300458,3354201766300458
3354020339513085,3354020339513085
3353678075334570,3353678075334570
3353319215140220,3353319215140220
3353240481979338,3353240481979338
3353208487509631,3353208487509631
3353202833737886,3353202833737886
3353192922835262,3353192922835262
3353146580133236,3353146580133236
3353121631854267,3353121631854267
3353112752587020,3353112752587020
3352945165045595,3352945165045595
3352872314209138,3352872314209138
3352863334697819,3352863334697819
3352857638557091,3352857638557091
3352827100270783,3352827100270783
3352770812738969,3352770812738969
3352757654690790,3352757654690790
3352583370598414,3352583370598414
3352489282589323,3352489282589323
3352460131638767,3352460131638767
3352453085914621,3352453085914621
3352409418015861,3352409418015861
3352391257210462,3352391257210462
3352232435190754,3352232435190754
3352163468934060,3352163468934060
3352160025273110,3352160025273110
3352142795056585,3352142795056585
3352127058426637,3352127058426637
3352106987823317,3352106987823317
3352087887068560,3352087887068560
3352085509003574,3352085509003574
3352072724565982,3352072724565982
3352044236960399,3352044236960399
3352029620202512,3352029620202512
3351858594325119,3351858594325119
3351790271779875,3351790271779875
3351780155579163,3351780155579163
3351764762632732,3351764762632732
3351737059184892,3351737059184892
3351725231560036,3351725231560036
3351688266717397,3351688266717397
3351675482215878,3351675482215878
3351664895664620,3351664895664620
3351492011312441,3351492011312441
3351133671113542,3351133671113542
3350776963583231,3350776963583231
3350718585176965,3350718585176965
3350695181799389,3350695181799389
3350666844699662,3350666844699662
3350657176248134,3350657176248134
3350641922029144,3350641922029144
3350597583847156,3350597583847156
3350580873851255,3350580873851255
3350408787186267,3350408787186267
3350330130340391,3350330130340391
3350324270354832,3350324270354832
3350300162129858,3350300162129858
3350277282153119,3350277282153119
3350226811500418,3350226811500418
3350225138696128,3350225138696128
3350214534599230,3350214534599230
3350047023187610,3350047023187610
3349979788083647,3349979788083647
3349971932693825,3349971932693825
3349948431821015,3349948431821015
3349918823766508,3349918823766508
3349874502994852,3349874502994852
3349851727290544,3349851727290544
3349683231116476,3349683231116476
3349627244697040,3349627244697040
3349621762441752,3349621762441752
3349605727553303,3349605727553303
3349578129441156,3349578129441156
3349553696939072,3349553696939072
3349511368578268,3349511368578268
3349503277237483,3349503277237483
3349494541242358,3349494541242358
3349318548105405,3349318548105405
3349250394150667,3349250394150667
3349233504534966,3349233504534966
3349196111655433,3349196111655433
3349148359290429,3349148359290429
3349127979434700,3349127979434700
3348952498566414,3348952498566414
3348606765614425,3348606765614425
3348239757087264,3348239757087264
3348161720759603,3348161720759603
3348155811577038,3348155811577038
3348118372720767,3348118372720767
3348106154638362,3348106154638362
3348063326433885,3348063326433885
3348043160323062,3348043160323062
3347890354979372,3347890354979372
3347816131282790,3347816131282790
3347788482030811,3347788482030811
3347773311316862,3347773311316862
3347743477558547,3347743477558547
3347690817664024,3347690817664024
3347689899462400,3347689899462400
3347678159518409,3347678159518409
3347511360392652,3347511360392652
3347403025824669,3347403025824669
3347390543492094,3347390543492094
3347355546073714,3347355546073714
3347322499193832,3347322499193832
3347318993025432,3347318993025432
3347146516838803,3347146516838803
3347082526415958,3347082526415958
3347071402957752,3347071402957752
3347047977997832,3347047977997832
3347015765659956,3347015765659956
3346967548035319,3346967548035319
3346966696565181,3346966696565181
3346957196442952,3346957196442952
3346784128337675,3346784128337675
3346716816582362,3346716816582362
3346705206943891,3346705206943891
3346674995196768,3346674995196768
3346655970048133,3346655970048133
3346620133852852,3346620133852852
3346603667038457,3346603667038457
3346412693359017,3346412693359017
3346256768419478,3346256768419478
3346061613721801,3346061613721801
3345708541091793,3345708541091793
3345673823090046,3345673823090046
3345615484773824,3345615484773824
3345585860343244,3345585860343244
3345556969928404,3345556969928404
3345518806077631,3345518806077631
3345508252795169,3345508252795169
3345503207523358,3345503207523358
3345334098870829,3345334098870829
3345260755299071,3345260755299071
3345252199293312,3345252199293312
3345223086249828,3345223086249828
3345200336860800,3345200336860800
3345158007597906,3345158007597906
3345143701027663,3345143701027663
3344971685675407,3344971685675407
3344922002828464,3344922002828464
3344914020752403,3344914020752403
3344897042353849,3344897042353849
3344877723337237,3344877723337237
3344864515623833,3344864515623833
3344853027014776,3344853027014776
3344844642624548,3344844642624548
3344811440503454,3344811440503454
3344801798116175,3344801798116175
3344781598513933,3344781598513933
3344610300400696,3344610300400696
3344553054934730,3344553054934730
3344526722745772,3344526722745772
3344483303386875,3344483303386875
3344439762443764,3344439762443764
3344422762930508,3344422762930508
3344247408836898,3344247408836898
3344182689178505,3344182689178505
3344162326122183,3344162326122183
3344152658152481,3344152658152481
3344137890210237,3344137890210237
3344113214952830,3344113214952830
3344084638943258,3344084638943258
3344059607361865,3344059607361865
3343875958072770,3343875958072770
3343411436352089,3343411436352089
3343202853671751,3343202853671751
3343098960892081,3343098960892081
3343078303871705,3343078303871705
3343065922530924,3343065922530924
3343037979828708,3343037979828708
3342996083267318,3342996083267318
3342968966689699,3342968966689699
3342796937654450,3342796937654450
3342735289360651,3342735289360651
3342721754811601,3342721754811601
3342713160690024,3342713160690024
3342666234474758,3342666234474758
3342630901902364,3342630901902364
3342615273958727,3342615273958727
15961221281,3342436551965394
15939257850,3342362214446441
15934676642,3342346708163336
15929488510,3342328370672251
15923006980,3342306405251875
15903380522,3342246539853517
15902547178,3342243771526687
15901446170,3342240110113218
15882719253,3342072888785301
15862431652,3341970538168608
15858800726,3341951759959216
15849285557,3341908084967484
15847719069,3341900929524184
15846675796,3341896134954647
15826945462,3341708735282430
15814825641,3341652366357093
15812760350,3341641016838027
15806251542,3341607780948130
15802625686,3341586994001126
15801052640,3341579175853513
15794482277,3341550415334399
15791687918,3341536129711521
15771501011,3341347354318350
15703439655,3340986991850687
15629559339,3340629117975367
15617137134,3340589785564003
15603529920,3340540427176058
15596057928,3340514946498435
15590136176,3340494843453006
15573181542,3340443572156877
15555363688,3340293525596125
15546392581,3340262216411749
15531257354,3340214294950917
15528168314,3340202873489000
15525197366,3340191431688776
15515733570,3340159244705012
15510750831,3340142364293348
15493443236,3340087609937808
15472597405,3339898045715711
15457305790,3339825218767592
15449102561,3339786085748722
15445741356,3339770650741847
15443518708,3339761134068184
15433158495,3339717970286819
15403885337,3339534941045594
15367002118,3339422200592695
15364073102,3339413757432419
15351345762,3339381981166872
15340862490,3339354735013063
15311554069,3339176802465566
15289345706,3339112367233989
15288268446,3339108734855138
15267870978,3339044692189388
15253604512,3339007048212551
15248492062,3338992795989384
15217630294,3338808108280552
15140026269,3338458556475636
15075276862,3338111950154304
15047293276,3338011392008920
15042041974,3337992236622276
15034724518,3337965241869429
15028400850,3337943935017032
15013933559,3337910787323581
14981201145,3337724478204773
14952689303,3337635078858734
14950629073,3337627952841493
14943670819,3337603550266254
14924258601,3337543122783995
14898167255,3337361578918124
14878164913,3337296623692098
14875662107,3337288159627844
14870796637,3337272175216818
14862181601,3337242123036436
14859626891,3337233625410695
14848160251,3337198397489060
14841811739,3337178768112836
14814771243,2111107197920407
14789562344,3336909019416595
14780882195,2111107194262317
14767020340,3336831685290176
14763709776,3336820754589534
14737260319,2111107187621205
14717855336,3336572099817796
14713419584,3336555805008951
14709843982,3336543033256466
14705954728,3336528487005461
14697634472,3336498078809197
14684334114,3336453677627326
14658427035,2111107176679813
14593127711,2111107166945081
14525046887,2111107158230241
14500825746,3335470335518019
14498875210,3335463511436435
14494203226,3335448424550895
14486554922,3335420662726835
14485114294,3335416737101032
14468676616,3335365654242541
14441370019,2111107147705509
14418325658,5629136868042846023
14413183576,5629119000977835465
14404884968,5629090533932859297
14400591118,5629076472209090667
14397761684,5629068384785100298
14387233910,5629035047246868413
14357484653,2111107137710195
14341414478,5628789061592512088
14334865206,5628763794298547399
14324734744,5628727364384007551
14321492580,5628715991310000792
14309233044,5628677310832218893
14304611136,5628662896921090842
14249988950,5628379678193440471
14238406106,5628337428426847736
14229399376,5628309940805607925
14223587486,5628292546013952294
14195367441,2111107117356853
14172652082,5628025605208534567
14162971894,5627990468256644895
14158982226,5627975994216121771
14141902594,5627921039942003101
14139368694,5627912441416697981
14116270471,2111107106671783
14038923091,2111107097190741
13962854891,2111107087478857
13940661972,5626916073586925970
13933885938,5626893391696053418
13922884854,5626856996324787113
13909693734,5626817066011199933
13908998430,5626814793973361328
13878311955,2111107076437355
13862328504,5626566484568245473
13857368770,5626548316855256522
13856456686,5626545009730184823
13847456978,5626513450307993822
13834424048,5626470874469191002
13829133374,5626455197837572772
13828634672,5626453497030425055
13823147182,5626435174698874103
13800831948,5626266798929086714
13777365664,5626190382864101101
13776847596,5626188368524292826
13775490550,5626183068699162315
13758937256,5626120821751540034
13742016626,5626063101682699719
13720291406,5625887420166093531
13701525890,5625823815989852093
13680524304,5625742306284630889
13671147886,5625711597266603078
13662885622,5625682228278606860
13642837592,5625518242128372275
13612873964,5625411610969372168
13610110224,5625399993082269454
13604749096,5625378324971165080
13588067024,5625320025098503042
13566977054,5625144906392659163
13499038416,5624783635221170761
13434529216,5624433324807046106
13399847920,5624298376927481941
13398084454,5624291242986444525
13394381630,5624275974376970814
13393248388,5624271365876839527
13375869410,5624209187631856518
13356786378,5624042285198699282
13331012830,5623947362138053813
13324089438,5623920454166564571
13316340056,5623889088018870086
13314679530,5623882791596493860
13312610546,5623875567461103578
13305761886,5623851090441155789
13300765762,5623832729454995446
13281191122,5623660243564223058
13253343290,5623551456348688122
13246319608,5623521185417794109
13232133042,5623471011607129683
13227356688,5623452882549218228
13211177684,5623291516329491382
13190208814,5623213906266120532
13187491158,5623202524618986260
13181223446,5623176570130310626
13175694584,5623152389463305242
13171061200,5623134122966448829
13158478810,5623086380107446665
13137235826,5622908100305407689
13118689424,5622834351418040820
13107150298,5622783580623998876
13096329024,5622740570819312513
13096038638,5622739393998214578
13090740148,5622717592743152866
13068491254,5622534403793319226
13004308398,5622173845587065506
12933610744,5621815696856553861
12906895924,5621720924102992050
12904719098,5621712364232746062
12892441814,5621666257756458908
12884731922,5621640225958258650
12874448186,5621601446696493239
12850656282,5621417514733137178
12833877958,5621335583932138311
12831026966,5621320353977310997
12828895097,5621308031715566774
12826080987,5621291719429026894
12825285813,5621287583375309251
12824967868,5621286071546738263
12824302896,5621283129493972231
12824000016,5621281806643965861
12822509057,5621275965488049633
12814194648,5621234111029510096
12796304210,5621053052400187732
12791703840,5621032440850879459
12781977436,5620981614205221719
12781217086,5620977220453462084
12777081145,5620953855830235649
12775832475,5620946489960973168
12759396857,5620857120276966916
12745613888,5620687254316595215
12731534550,5620613346532240146
12729447962,5620601213249051081
12721654718,5620553186922603713
12720150768,5620544060116690146
12712673288,5620503429724008807
12710137868,5620488680805620410
12697393139,5620321975941405786
12680362532,5620230364284284411
12674526706,5620193096868215795
12673727389,5620187899957571165
12666800148,5620147729126585375
12663719553,5620129402500293517
12648381397,5619947197098508000
12615328322,5619769660338497825
12595869035,5619575759740096964
12543897190,5619211207214457353
12516997730,5619104558876028783
12513389162,5619090711900722432
12509369888,5619072758936595271
12494255490,5619011761808016051
12476675678,5618843029719338323
12448500438,5618735874591219295
12439775088,5618695858379141824
12429945258,5618657452779568490
12422046650,5618628556237969655
12409009488,5618488475876890695
12387946492,5618408752689576447
12386073890,5618400356044895805
12383418758,5618388540589306291
12382119320,5618382768152985027
12372933898,5618341218637460321
12372102726,5618337147008289179
12369363006,5618323793954389143
12361624304,5618292307547553227
12358302062,5618277524269431644
12340007544,5618101963182416914
12317277992,5618013018699948882
12305478346,5617960551393876947
12302470018,5617947606361866836
12296288168,5617923472939365500
12289379906,5617893335152448552
12272023062,5617721712550595228
12254357456,5617630878282481755
12253029690,5617623052851722122
12247996318,5617598258004456354
12244344406,5617580700177403775
12243513356,5617576761692227990
12232373656,5617531548569290542
12076635515,5616501022719660483
12072883311,5616476236462352294
12072441984,5616473247164991943
12072372428,5616472783308505133
12072217669,5616471756811279587
12071190640,5616464854798551835
12034721972,5616158387397211115
12031218474,5616137591164656251
12030673686,5616134962644558317
12027513044,5616119036905171546
12025379384,5616108179227410845
12015953022,5616066178757116095
12012976640,5616052679674307223
11994840228,5615876732040427577
11973535350,5615795200672095545
11959345776,5615733597953445861
11945544894,5615675886475142524
11944826534,5615672463386057289
11942240224,5615659810411866181
11904448756,5615403649981347881
11899770294,5615380500106663253
11892565356,5615344555523895722
11887772348,5615325056371408611
11887636742,5615324425011188322
11884605436,5615310479251764232
11665818228,5613921602796442282
11663997438,5613915100215605577
11659733222,5613900437196486076
11642386960,5613830532305123769
11641362468,5613825696171733325
11601671416,5613550637884574073
11599907610,5613541476718958573
11586847586,5613475007802355842
11585828784,5613470107244461437
11554390374,5613210738456911324
11553904108,5613208406289563841
11552808286,5613202973155691144
11544697600,5613161535309490198
11542328968,5613149208769633282
11538822516,5613131225740797763
11537572446,5613124843419131972
11531769552,5613100207485503677
11526754542,5613076052588352488
11484248750,5612794663501848784
11480459912,5612774172212092147
11477861210,5612759492013325777
11469356664,5612718178721137919
11464287004,5612692108285344154
11463646644,5612688616476795721
11430127978,5612435604241298626
11425120156,5612408481521756139
11423863424,5612401326105968641
11371549286,5612057148907419991
11323903902,5611739815238744064
11309899524,5611606353436481583
11298103172,5611406542963531625
11288683905,5611329693110144325
11285141585,5611297356300084313
11284099175,5611287542299424767
11283832147,5611284991088752322
11283641123,5611283191497382723
11274679108,5611211654518974760
11238059388,5610942282769096368
11237019876,5610936948419500230
11235659340,5610929651269785942
11234684034,5610924389934646844
11231206440,5610905307394235053
11222066764,5610859626120108030
11221073490,5610852956035627482
11219201084,5610840337421203394
11201866725,5610637421686497082
11193497045,5610582115406978732
11187771052,5610540488582297734
11184968710,5610524223540486308
11183833712,5610518798996545233
11179073692,5610496877482427523
11173988912,5610470222734648091
11136773662,5610191848895637895
11134792716,5610181051347431278
11125691496,5610135945598951990
11119844006,5610106357567989416
11117648846,5610094954446117030
11081298052,5609827124572583474
11078059446,5609809407831780844
11075955258,5609797618146091647
11075320870,5609793937358978829
11075312458,5609793894409304227
11066328302,5609749269697151072
11065366920,5609744313304683352
11061894468,5609725771930109337
10923612242,5608738453434434419
10918682320,5608714521892275899
10914445752,5608692514478833577
10895993211,5608613130594070495
10852685011,5608322996952567364
10851850306,5608317254597804692
10850837810,5608310013282624596
10849390720,5608300134857393661
10843898301,5608266994888038811
10806167266,5607948153684773851
10794023331,5607880456423708420
10771778066,5607594467426998748
10771631189,5607593058677663334
10770708226,5607584180979869340
10768685222,5607564007517614001
10765215172,5607534835927025145
10762638849,5607511853572662406
10760757345,5607494849950889367
10760686079,5607494192820863953
10760605699,5607493471266326711
10740309350,5607242937071184923
10739498284,5607235197711595664
10737305799,5607213495240926377
10735556997,5607195679715841356
10734370995,5607184139138218787
10727666664,5607127007480518872
10727192332,5607122274426365879
10597643856,5606173292814794575
10572405928,5606041763730316913
10539578626,5605787054822858358
10532744222,5605750921261245717
10526123984,5605714998329257805
10521550660,5605692101857531155
10521416214,5605691547806719207
10521239004,5605690834842107261
10520794664,5605689052430576146
10519202358,5605682472540310316
10516748759,5605670313327777250
10475559770,5605388039477124597
10467934328,5605348229600339953
10465883838,5605337015263236117
10465572490,5605335348992858484
10456150071,5605290969093605036
10450878703,5605265220763499239
10416345125,5605013655931330515
10416037389,5605012101169877817
10411585089,5604988968297178592
10407673159,5604967781400491215
10403480715,5604948123334247081
10402714069,5604945073907294912
10399639351,5604930994825775425
10397128555,5604918543893076228
10392960491,5604897700237724273
10355252651,5604625708718567305
10350376791,5604599290373635677
10347164665,5604582587245102285
10342215889,5604560661274013196
10341114445,5604555000668809957
10186919318,5603519183420642687
10185672424,5603512010644039810
10185536496,5603511242025776421
10182307736,5603493117263010225
10173451262,5603448389471461231
10172083410,5603440868983399646
10170185486,5603431012033002429
10129895548,5603136695094340044
10129257848,5603133138861264508
10128226438,5603127336360197447
10126132210,5603115473676794691
10125807222,5603113622545811436
10125580268,5603112325465632340
10124791230,5603107871584354061
10124519322,5603106381230637200
10124122938,5603104250926761487
10121621028,5603092736118840862
10120962530,5603089914325170662
10117640504,5603069435920142089
10097195436,5602820813140668025
10081890156,5602734879431320919
10078962424,5602720620139193545
10074141058,5602696366457706892
10071461236,5602682403518378342
10069591594,5602672155725950072
10069262934,5602670265940260091
10037934964,5602415376820301576
10028217634,5602359348969633076
10021771792,5602326355029347306
10020436220,5602319083649401170
10017231866,5602300933116853093
9977603128,5601997772691313846
9924288973,5601615460459792843
9922696765,5601605955696789520
9835953479,5600949766479229538
9833302344,5600935068932839930
9831326076,5600924039624018225
9828115898,5600905189011789874
9827934004,5600904098090053126
9826280868,5600893957504173867
9824993410,5600886200960624265
9819448178,5600856935052140644
9782822775,5600575004632660087
9779694917,5600557665848946309
9777819651,5600547147658202319
9775860610,5600536053589376615
9774533264,5600527682865626649
9772727368,5600516416998119199
9772660706,5600516030451046323
9772175626,5600513066923491351
9771875036,5600511258742184909
9771072248,5600506426903774350
9770389270,5600502600087741205
9768316482,5600492536978841611
9766283524,5600482005886428841
9763568530,5600466483873967353
9760285318,5600447955384262078
9739978560,5600249905848102799
9726656816,5600176921465589839
9726530390,5600176169846282523
9726093060,5600173571221374403
9725953702,5600172725112781584
9722158863,5600150133753486081
9720269267,5600139361975083508
9719231541,5600133812877104197
9716583057,5600121731133501235
9715228819,5600115658049439980
9714889309,5600113961367621746
9713960399,5600108906190898575
9713246831,5600105019414998740
9711504997,5600095819441755338
9680529871,5599846487993204128
9673800186,5599807756146159735
9673738036,5599807395199208297
9671832384,5599796022295035481
9670412016,5599787457960210633
9668182204,5599774023301966829
9667769292,5599771571045244148
9656294431,5599712571076778302
9631387386,5599405841698652960
9627491793,5599367491933703226
9506016232,5598345701872371065
9504588902,5598338228628975300
9502811156,5598328552067282097
9500447792,5598314988560066536
9500401736,5598314722272084266
9498563306,5598303594011436295
9492092900,5598268267904072727
9489181484,5598253751070525992
9487901784,5598246750117038391
9454593458,5597972967590655544
9453226570,5597965034785657045
9450328564,5597948129793504998
9446650626,5597925194667018827
9439942412,5597887643766428406
9439015814,5597882025948997743
9434396096,5597855049258605564
9406210036,221110420449189418
9406109236,221110420449480747
9404836792,201110420450010180
9403161494,201110420449419273
9402155890,201110420449353345
9399368720,201110420447514793
9399080246,201110420447043592
9398953176,221110420446964642
9398865038,221110420447685205
9389401440,201110420443697334
9358328082,221110419427001030
9354480548,221110419425693695
9353427324,221110419424408602
9352943898,221110419424935905
9351335770,221110419423508600
9349086518,201110419422367640
9347926348,221110419422953164
9346243648,201110419421818039
9341821014,221110419417746281
9340852608,221110419419067959
9313025540,221110418404721230
9305254682,201110418402959186
9301458182,221110418397720678
9301075704,201110418398539612
9298327044,221110418399552306
9295318270,201110418394705038
9293054008,201110418395096935
9290829510,201110418395934116
9288698494,201110418393552409
9177239198,201110415329803031
9176602370,201110415331250806
9176126636,201110415328802851
9175264745,201110415329336515
9174834815,201110415329118219
9174277748,221110415328508605
9173756966,201110415326762191
9171737675,201110415326221335
9167491699,201110415321051317
9164110539,201110415319311098
9132879377,201110414306832664
9131606345,201110414304789711
9129819217,201110414304282072
9128804187,201110414303304928
9127397039,201110414304380129
9126903857,201110414304105769
9124050855,221110414302511515
9123621227,201110414300694577
9122253481,201110414301998250
9115461121,201110414298640604
9113080487,221110414297415765
9083603327,221110413284132684
9082217916,221110413281502567
9079821834,221110413282359416
9077604300,201110413280587953
9072107760,201110413276305101
9067631915,201110413274883332
9066574427,201110413274430092
9034358221,221110412260707076
9031039263,221110412259053023
9028863295,201110412256773498
9026364157,201110412255834367
9025732401,221110412256478030
9021217659,201110412254361310
9018483717,201110412253343979
9017760111,201110412252717943
8985702843,201110411237946966
8977942823,201110411232871181
8973315087,201110411232070960
8969707385,201110411230239646
8966642239,221110411227501621
8900396814,201110409197227160
8840998434,221110408167690764
8839713284,221110408167661170
8839428768,221110408168069029
8836948508,221110408166072782
8836725224,221110408166784089
8835331922,221110408164674206
8833293318,201110408164494430
8831908894,221110408163761050
8828467324,221110408161164976
8825497866,221110408160174764
8823229460,221110408159498285
8793294906,201110407144684305
8790746020,221110407143437815
8788249668,221110407141807046
8786660806,201110407141765109
8786019422,221110407140694824
8784249346,221110407140245645
8778114016,201110407137286805
8776841234,201110407136244223
8776406170,201110407135516431
8773771104,201110407134811553
8747884146,221110406121859817
8745845984,221110406121792149
8744049672,201110406120368775
8741288260,221110406118469294
8736060032,221110406115804427
8733772537,221110406115306525
8733143847,201110406114407104
8732420791,201110406114046057
8517844179,20111040235141685
8516977899,20111040234473224
8514531629,20111040234263996
8511129599,20111040232449571
8508231931,20111040231502872
8506866589,20111040230747754
8506699081,20111040231005460
8502263907,20111040229314707
8500154025,20111040228128114
8498907327,20111040227991527
8497470151,20111040227198105
8493203675,22111040225844329
8454370695,20111040111856647
8454213097,20111040111988639
8452901339,20111040111692053
8451480427,20111040110997818
8449142941,20111040110011369
8447602893,2011104019495925
8438458115,2011104015986381
8435853823,2011104014980120
8434986515,2011104014748748
8391953165,201110331470510473
8390640098,201110331472913050
8386148482,201110331469537246
8382004932,201110331466081275
8377480357,201110331463477453
8373005599,201110331462411255
8333279294,201110330447451693
8332559832,201110330448992521
8331943154,221110330446762603
8330677842,201110330448172967
8329485794,221110330446767588
8322394955,221110330444863266
8318955587,221110330441307203
8279026535,201110329428993662
8272173955,221110329426045344
8270339759,221110329426630686
8269574433,201110329425109384
8269448159,201110329424189143
8260850983,221110329422158142
8259744951,201110329421735392
8258327370,201110329419974943
8258235819,201110329419974943
8255908483,201110329420756681
8255847827,201110329420790999
8221000603,201110328408130368
8220676599,201110328408774586
8219987473,201110328407759158
8212961333,201110328405400591
8212544003,201110328405689179
8203686319,201110328401770042
8203037377,201110328402071519
8048642623,201110325347037525
8047029097,201110325346418285
8043335415,201110325345080183
8039750063,201110325344404277
8027397878,221110325340068311
8026698283,201110325338702948
8025558133,201110325339708019
8024146459,201110325338127524
7985568765,221110324324993167
7981275029,221110324323848859
7966845259,221110324318246509
7964751751,221110324316089643
7962983125,221110324316044434
7962060651,221110324315654164
7961651961,221110324314878788
7955265743,201110324313239126
7926210589,201110323302032658
7923694937,201110323301451083
7918688281,201110323299813711
7917758525,221110323299802077
7911316355,201110323297211087
7910048195,201110323296730717
7905215521,201110323294835522
7904909307,201110323294742022
7899395939,201110323292736982
7894558773,201110323290966703
7866255847,221110322280467818
7863788829,221110322279854025
7860228243,221110322279182792
7846265111,201110322275666380
7844365565,201110322274192436
7815648471,221110321260835071
7812574747,221110321258956032
7809269423,221110321258344334
7800783343,221110321253681451
7799351645,221110321253455514
7798976769,221110321253690599
7688599227,201110318198632348
7684552037,201110318196814492
7682589611,231110318196476484
7679803843,221110318194446892
7678725251,221110318194527954
7677464025,231110318192181645
7672479749,231110318191729909
7670577449,231110318190350727
7638801373,221110317174476858
7631887137,201110317170324125
7623283579,201110317167437107
7619997627,201110317165754272
7593900539,201110316153249862
7592429635,231110316151561355
7591706323,231110316151984283
7590312809,231110316151469412
7588349247,231110316150852409
7585362157,201110316148922663
7576995113,231110316145703334
7573550433,221110316143256392
7547098535,201110315130746479
7544911431,201110315130855200
7543099213,201110315130005650
7542911521,221110315128464573
7540160313,221110315127775847
7529739971,221110315122344761
7500574391,201110314108223468
7497758301,201110314106906017
7496904883,201110314106413531
7495983403,201110314105692576
7494431185,201110314105572139
7488447625,201110314102328287
7486131867,201110314101768874
7366309153,20111031142748680
7364343747,20111031141611284
7360425675,20111031139938768
7357231533,20111031138330146
7350196977,20111031134769663
7348545413,20111031133994400
7322460101,23111031021048392
7321403493,23111031020991091
7320069039,23111031020256063
7317861939,23111031019451077
7316509079,23111031018601539
7314095939,23111031017541807
7307001991,23111031013760628
7280982769,2211103091246044
7280479815,2211103091071178
7280425585,221110309964769
7278588007,221110309140994
7277072521,2211103092723363983
7269978499,2211103092328907444
7269688279,2211103092327889100
7266738861,2211103092326066210
7265143867,2211103092714247038
7240111739,2211103082698229129
7239048327,2211103082309347840
7236706055,2211103082307989100
7232685039,2211103082694420478
7227209756,2211103082690819399
7225116519,2211103082303336675
7223842277,2211103082691357313
7222791541,2211103082299739350
7222457833,2211103082300515571
7198696309,2211103072285645360
7196286477,2211103072284201370
7190396117,2211103072669539928
7185303207,2211103072277797360
7183686797,2211103072279347925
7070037525,2011103042210038584
7063439041,2011103042593402928
7058025913,2011103042590122418
7055956393,2011103042588881878
7055703361,2011103042587240629
7028141635,2211103032186013694
7020365779,2211103032181504031
7017585383,2011103032180648805
7015076589,2211103032563571449
7013667729,2211103032178340665
7013416789,2211103032564870188
7012669509,2211103032565586043
7011744339,2011103032561492709
7009562647,2011103032562442092
7008935249,2211103032175624435
6981208342,2211103022544907692
6979080047,2211103022544907692
6977386899,2211103022155748010
6976630161,2211103022156699581
6974568049,2211103022155702504
6972908093,2011103022541319532
6971951961,2011103022540753402
6970030037,2011103022152959884
6968506135,2011103022152077354
6941166313,2011103012135222580
6939643471,2011103012135684531
6938266351,2011103012133650210
6935378293,2011103012132008440
6934351255,2011103012132543101
6930210497,2011103012517112518
6929265945,2011103012129233974
6904586481,2011102282498441449
6904537537,2011102282498392339
6903595337,2011102282500473928
6903242573,2011102282113937585
6900697613,2011102282499778263
6898728568,2011102282109865874
6896366173,2011102282497032703
6895872522,2011102282109865874
6893120647,2011102282106470784
6891349119,2011102282105095761
6782663961,2211102252043581045
6781886825,2211102252040079420
6781001923,2211102252427913238
6779273819,2211102252426867758
6777220015,2211102252038190721
6776113967,2211102252425799752
6769467293,2211102252421817682
6768464159,2211102252422290723
6744079625,2011102242018646811
6742233697,2011102242405581678
6736900025,2011102242017022045
6731846021,2011102242014170505
6729589436,2011102242399617113
6700868517,2211102231996705565
6694946597,2211102232375605389
6691470863,2211102232378317143
6691124893,2211102232373411789
6689684271,2211102231988079394
6665055877,2011102221976162115
6664569529,2211102222363061903
6661669185,2011102221971297701
6658101521,2011102222354648959
6653433999,2011102222355422302
5635825503,2211101261820280798
5635781593,2211101261433506595
5634949033,2211101261818845472
5634933729,2211101261819753098
5634923357,2211101261432992345
5628102435,2211101261815683358
5627178657,2011101261816767913
5627085891,2011101261816713423
5625127677,2011101261815573673
5601551251,2011101251413264495
5599391193,2011101251408442770
5598756243,2011101251798347908
5597575767,2011101251797639278
5589797945,2011101251402822120
5588747331,2011101251791598872
5564410679,2011101241388796551
5563130407,2011101241777478088
5561657181,2011101241778487593
5559555717,2011101241388499125
5558455767,2011101241774206522
5553582017,2011101241382498671
5516991695,2211101231363441115
5494921813,2011101221349630414
5489508345,2011101221345106071
5460710649,2011101211327245850
5458292991,2211101211328413325
5457609645,2211101211327862914
5455717715,2211101211716304443
5451705401,2211101211321934730
5448342817,2211101211710350728
5447718915,2211101211709471942
5430067035,2211101201310300391
5422471081,2211101201305965831
5419901269,2211101201693305772
5414556837,2211101201302894454
5387688961,2011101191674533068
5384814393,2011101191672816942
5382104655,2011101191667987489
5381363185,2011101191283297624
5380828669,2011101191667251689
5376578807,2011101191278114490
5375471901,2011101191664066199
5353398097,2011101181651159739
5345391195,2311101181651714993
5344603707,2311101181261908005
5343933191,2311101181259943561
5342083779,2311101181260465995
5341877927,2311101181647530258
5325564461,2011101171638716762
5324412113,2011101171248565901
5319613415,2011101171245065480
5316519507,2011101171629861939
5242942241,2211101141201188081
5241700393,2211101141200492541
5241227249,2211101141199719250
5236117701,2211101141197232021
5231256731,2211101141583102248
5229170635,2211101141582978542
5211597353,2311101131573888863
5209705989,2311101131183671874
5205551617,2011101131181162195
5200228713,2011101131567275703
5198512855,2011101131563901408
5198446837,2011101131177037685
5181342481,2311101121166695924
5176068055,2211101121161450060
5175386985,2211101121551592742
5175151103,2211101121551449442
5174769659,2211101121549644538
5174090057,2211101121162436614
5172811907,2311101121551038573
5171914087,2311101121161173454
5169592425,2211101121544770669
5153478643,2011101111538946112
5152838985,2011101111148032970
5151990509,2011101111538074322
5148457769,2011101111146022661
5148370105,2011101111147489655
5147245185,2011101111536225933
5120383787,2011101101516005739
5119660909,2011101101519283332
5117297417,2011101101129353834
5116183709,2011101101518261533
5043634913,2211101071085088151
5043359235,2211101071086614924
5041367379,2211101071474006902
5038774483,2211101071472480362
5035920687,2311101071080623021
5035494429,2311101071468402098
5034818177,2311101071466850989
5033950709,2311101071467539358
5033027393,2311101071078931651
5017427317,2011101061458057408
5015768233,2011101061457058468
5014218531,2011101061067988871
5013979139,2011101061069782844
5013896611,2011101061069848425
5013700259,2011101061459522373
5008320373,2011101061456463423
5007407125,2011101061452203178
4989921673,2311101051445792243
4980511807,2311101051436663718
4964407137,2011101041431046763
4964210999,2011101041041085305
4960058961,2011101041038671545
4958132193,2011101041035133870
4956890201,2011101041426669983
4956376139,2011101041034074630
4858806073,221101231978349781
4858418921,221101231977795200
4856507727,2211012311365115538
4856175829,2211012311366717842
4855108999,2211012311363490729
4834731263,2011012301352550388
4833813055,2011012301352033368
4830584211,2011012301350202788
4825179043,2011012301350211823
4824991417,201101230958541890
4807857369,221101229950925294
4807355181,2211012291335967539
4806690057,221101229948018690
4804637603,2011012291338444113
4804159995,221101229949237165
4803900371,201101229949084635
4800332697,221101229944491871
4799333711,2211012291334051522
4784159933,221101228937831525
4780269643,221101228933068091
4776941451,221101228933281404
4776130981,2211012281320868272
4775585043,2211012281321801633
4760934459,2311012271312404802
4760036157,231101227924149405
4759748809,2311012271313049903
4759209217,231101227923396794
4755666091,2311012271310764903
4754836103,231101227918726750
4753123627,231101227917595721
4683666151,231101224879923694
4682423933,231101224879154734
4665486253,2211012231256018578
4664678751,221101223868955984
4662320803,231101223865257971
4639552729,2011012221124254616
4637760791,2311012221122883326
4630077007,2211012221222800079
4620236301,2211012211101596157
4620114463,2011012211101494357
4619979381,2011012211217725012
4619844737,2211012211215004669
4619788167,2211012211218990933
4619608627,2011012211101113327
4614792697,2311012211211847482
4612794285,2011012211207636349
4607231803,2011012211205998082
4587795251,2311012201188071959
4587612925,2011012201188970468
4586920761,2211012201075460856
4512921263,2011012171130215649
4487096289,2211012161110287139
4486602625,2211012161114115663
4470533771,201101215985459156
4465645561,2011012151093651889
4446319721,2011012141083296853
4445950753,2211012141078378259
4445754093,201101214966088926
4443613435,221101214964450896
4442089641,201101214962442137
4441460677,201101214961934417
4438200521,2211012141074093258
4438136585,2211012141075421382
4437342295,2211012141074773452
4437245139,221101214959489436
4436887339,2211012141071313679
4435771727,201101214958343696
4435700077,2011012141073476602
4435642691,2211012141074957263
4421826953,231101213947745466
4421115041,2011012131059084929
4420846409,2311012131063607353
4288546287,2311012131056408389
4221784367,2311012101006732858
4220872571,2211012101004090479
4216731535,221101210889452866
4213296247,2311012101000090748
4197871161,201101209988305298
4192445681,231101209984180068
4190360237,231101209984035312
4189111419,221101209868001776
4175047609,231101208972287432
4174272735,201101208855912337
4173766991,201101208970108418
4172522297,221101208971918553
4170541615,201101208970410083
4150477865,231101207950291589
4150361775,231101207954815653
4149177603,221101207949253889
4144306777,221101207945426289
4141634515,201101207830540827
4140709421,231101207942629479
4125063863,201101206818698256
4122676493,221101206928567229
4121586577,231101206927679939
4118775929,231101206925453069
4118166519,201101206929813233
4117188829,231101206924235819
4057834911,221101203765751447
4056577025,201101203881888823
4055776885,221101203878615588
4052365269,231101203875936208
4050213827,201101203876938753
4048725495,231101203758657897
4034966025,201101202863624682
4034112869,201101202864033534
4023609793,201101202861320151
4023050783,201101202859253239
4020214269,221101202860122890
4018981295,221101202745708886
4018582907,221101202861327334
4017699987,221101202858686128
4017493953,221101202860863884
4017369383,221101202858419411
4016286941,221101202744413076
4015517615,221101202855754269
4013957097,221101202743340696
3998797425,201101201851047152
3981967065,201101130844575775
3981625129,231101130844692303
3978276147,221101130841727782
3974656069,231101130725293126
3959551323,221101129834052934
3954270475,201101129829318251
3952441303,231101129713936737
3903749965,201101126804187259
3903659123,201101126692225716
3898679791,221101126804635632
3898237611,201101126803160311
3895197301,231101126803046482
3894021795,201101126803561444
3889623791,231101126800380452
3875500057,231101125795006105
3875275811,231101125790884819
3872090291,201101125793446874
3869090141,231101125789614438
3867243409,201101125675301786
3853759425,231101124784884504
3849560897,201101124783138033
3847944325,201101124782163854
3846484611,201101124780300642
3845104139,201101124781054183
3832086761,201101123770950199
3831775883,201101123772982120
3830489105,201101123657323737
3827214221,231101123770184838
3826498787,231101123768307429
3826165691,231101123768143899
3825116897,201101123654932687
3809200481,221101122647626187
3808172329,201101122648087176
3807515893,221101122762447032
3804678751,221101122762308374
3803735333,201101122760645242
3747204865,221101119733948790
3746913073,201101119733813610
3745997415,201101119732720848
3745719303,201101119733259510
3740452533,221101119732237065
3740267599,221101119730706950
3740210951,201101119730952652
3740161429,201101119730655550
3739867147,221101119730791192
3739181253,201101119731646545
3738394873,221101119615825596
3725014745,231101118725096725
3724709255,221101118722872598
3724128045,201101118724679415
3723439825,201101118720343269
3722195317,201101118722341050
3719173431,201101118722343485
3718477747,231101118606566616
3717525357,201101118605104537
3703973005,201101117713442831
3703595667,231101117715405464
3702211193,201101117714754194
3700889015,221101117711829558
3699911011,201101117712298932
3696864553,201101117711938865
3694917289,201101117711551463
3682638797,201101116705331435
3681252911,201101116703610042
3678620729,231101116703435065
3678232605,221101116703780053
3674831469,201101116699806871
3660970502,221101116701652913
3660970501,201101115694192042
3660242525,231101115693851792
3659694029,221101115693234760
3657149369,201101115691485688
3656973341,201101115577860366
3653785735,231101115691813245
3653228673,201101115687765959
3598686479,231101112549819687
3596441509,201101112548767307
3595537657,221101112661082689
3594639455,221101112664807053
3594552613,201101112662412148
3592170505,201101112546764507
3590871359,201101112547026586
3590742419,201101112660625708
3589962455,221101112661179672
3584624545,201101111657848998
3576183107,201101111653320398
3576095403,231101111539588906
3575323941,231101111655261273
3574756115,221101111538090767
3574653533,221101111653105040
3574603777,221101111653498792
3571046711,231101111652710665
3570688381,231101111651240400
3556735865,231101110644360391
3556113863,201101110529377407
3553510865,221101110642776208
3549946471,201101110642863215
3549760921,201101110641109081
3536898503,231101109635994802
3535431057,201101109632722789
3533694595,201101109631920399
3531091483,231101109632459751
3530345601,231101109632017168
3520318633,221101108628363762
3514673227,221101108627064623
3511612645,221101108623452798
3510855205,201101108624027992
3460041347,231101105599968270
3459375171,221101105485323026
3456305841,231101105483893306
3453587853,201101105482632736
3453146781,231101105482427566
3439323125,221101104475267227
3438705409,221101104589793191
3432960813,221101104588897334
3431208925,221101104472227196
3417763287,231101103580928122
3417303099,221101103579838071
3414701825,201101103579512092
3412516037,221101103579077785
3411830465,231101103463216476
3399404913,231101102571841890
3398999711,231101102571392771
3395311991,201101102571110355
3394086757,231101102569101691
3381932225,231101101563517891
3381341713,201101101449097876
3378473467,231101101561836878
3376427639,231101101562695374
3376109513,231101101560804211
3354803589,221101030436920856
3344633295,201101030548060444
3332043861,231101029539231279
3331577651,231101029540364441
3330671641,231101029425759786
3328830707,231101029424210827
3326302533,201101029423034887
3325653561,201101029538987965
3315920159,201101028535023503
3315032383,231101028417883527
3314347279,231101028417569267
3313483769,201101028532058278
3311898411,231101028532683425
3309949961,201101028530676340
3309901291,221101028532231463
3309749881,221101028530331051
3309614265,201101028531936784
3309442335,221101028530440990
3308747097,201101028531215625
3308328169,221101028530594862
3308165707,221101028529851210
3298529995,221101027526568015
3298225521,231101027526427715
3298067149,231101027525952462
3295392845,231101027408894777
3293737287,201101027524356995
3292714055,231101027523504762
3280814437,221101026518476845
3279233511,231101026517346542
3278622557,201101026517784174
3276423319,221101026515384830
3276122611,231101026515244450
3275302893,201101026516386793
3267054001,221101025512622543
3266683865,201101025510924220
3266497631,201101025512192994
3266372891,201101025509311729
3266350765,201101025512124364
3266322679,201101025512286473
3263919509,201101025509370048
3262729829,201101025393921017
3261963169,201101025510268063
3261327569,201101025508454710
3259856253,201101025507509611
3214411849,231101022372218706
3211944575,201101022485672860
3211890845,201101022486168932
3211275887,231101022485113658
3210603831,231101022486368144
3208914943,201101022484023701
3208613723,201101022483883681
3207244147,221101022483236228
3200517997,221101021481404475
3200495617,221101021481902943
3200465893,201101021480161008
3200443893,201101021481705394
3200414295,201101021481690764
3200370829,201101021479017109
3200320769,221101021481645284
3194930447,201101021478296522
3194271843,201101021476192859
3192818571,201101021477306942
3191081997,221101021475795928
3189856489,201101021360244297
3180047631,201101020471402352
3179990983,201101020355704687
3178696909,231101020471626314
3174615957,201101020468875372
3174084263,221101020468227460
3173262969,221101020467595971
3163191437,201101019463619902
3162915099,201101019348415306
3162513331,221101019462934820
3160174267,201101019462221402
3159968443,201101019461514131
3159607563,231101019461351231
3157760703,201101019460750070
3146974619,221101018455569721
3146209633,201101018455467290
3145854433,201101018455045761
3143793645,221101018454089801
3141960373,221101018453234841
3141771313,221101018453147871
3141530543,201101018454672263
3099462313,221101015318648697
3098485181,201101015432373319
3097249509,221101015317613147
3094827481,221101015317007646
3084167437,201101014428071394
3081623393,201101014425466938
3079192215,201101014309293047
3078013347,201101014425212154
3077985865,201101014424879285
3077958495,201101014424866725
3077947137,201101014425182324
3068705855,201101013420948684
3066508767,201101013418557118
3065839359,201101013418487090
3064500491,231101013418663725
3062717829,201101013418317673
3054201863,201101012298357956
3053723467,221101012413712375
3051506121,201101012410817459
3051400259,201101012412041302
3049187307,201101012410811210
3038749919,201101011406222962
3036662947,231101011404600768
3034719869,201101011404974383
3033964353,201101011404533123
3008860011,201101009389557845
3008577755,201101009389391455
3006502641,201101009387286971
3006283285,201101009388388364
3006234877,201101009388360064
3006226485,201101009387127451
3006197917,201101009386987488
3005974141,201101009388208244
3004025783,201101009386194692
2994651025,201101008381786633
2993595857,201101008381055014
2991953487,231101008379775125
2989671767,201101008378441745
2898221069,201101001325197522
2889394123,231100930319959610
2887396677,201100930319801923
2885403593,201100930317380558
2885233749,201100930316673659
2885107021,201100930318461483
2884256027,201100930317897434
2883507627,201100930316532060
2875131929,201100929312668704
2873584681,231100929310857090
2873443167,231100929310775290
2873371085,201100929310626571
2873275749,231100929311340385
2873027631,231100929310715542
2872792567,231100929310403340
2872598301,231100929310468792
2872579351,201100929309440939
2872265747,201100929310276562
2872043617,201100929310871894
2871747535,231100929310700324
2862012997,201100928304877775
2860189097,231100928302339759
2859118843,201100928302458011
2858453581,201100928301329739
2858206469,201100928302674835
2850118373,231100927296485939
2849306833,201100927296858940
2848112571,201100927297027774
2845809543,201100927295478955
2836972017,201100926290504406
2835922651,201100926289198068
2835292609,201100926289149160
2833598621,201100926288124918
2833235113,201100926288773476
2825296485,201100925285507333
2823196529,201100925283668327
2822150331,201100925283774555
2775656547,201100921262608784
2773606375,231100921261032952
2764858829,231100920257423906
2763446159,231100920256843425
2761763297,231100920255399781
2761004165,231100920254387239
2752819719,231100919250650089
2752792841,201100919251141658
2750546799,231100919249602539
2712773990,201100917240613418
2709457649,231100917240236660
2708369337,231100917240050720
2708288217,231100917240758224
2708017901,231100917239991270
2701667702,201100917239414255
2676896460,231100916234553697
2676270026,231100916234443837
2672321097,201100916233534218
2671490553,231100916233603867
2651702235,231100915230802124
2645933960,231100915228445109
2642297680,231100915228979305
2641814042,231100915228400997
2640945878,231100915228911344
2640809485,201100915228225297
2640704306,231100915228868294
2640036612,231100915228827623
2639099037,201100915227246129
2624269746,231100914225281471
2623988465,231100914224608799
2623679220,231100914225013738
2623596382,201100914225691165
2623343714,201100914225822084
2623197374,231100914224929158
2623068810,231100914225600025
2622947593,231100914224884938
2622760185,231100914225049220
2622497145,231100914225148122
2622284214,231100914224966270
2620017446,201100914224711172
2616847269,201100914224157482
2611953489,201100914223891963
2591802062,201100913219611561
2589719000,201100913219399952
2585959915,201100913218736212
2583506620,201100913217987480
2582610625,201100913217987480
2580646023,201100913218312154
2492295629,201100910201433352
2487729446,201100910201632095
2470349345,201100910197395262
2469330457,201100910197064230
2465747404,201100910196901515
2449048105,201100909193370008
2448176779,201100909193996603
2447886887,201100909193996603
2445676075,201100909192929560
2437916783,201100909192198004
2419523039,201100908188227658
2416857110,201100908188340305
2414160516,201100908187568622
2412725175,201100908187173020
2408243654,201100908186383580
2389138052,201100907182884848
2385631231,201100907182128891
2383917410,201100907182128891
2383574388,201100907182128891
2379702950,201100907182017403
2360299804,201100906177803558
2359087609,201100906177808061
2358971944,201100906178277024
2356686682,201100906177385771
2275584251,201100903163176572
2275544421,231100903163413626
2270320997,201100903162716983
2265560305,231100903161664455
2264885601,231100903161757023
2247058220,231100902158406305
2246482167,231100902158016571
2246242605,201100902158254676
2246206751,201100902158254676
2246149193,231100902157455959
2238362255,231100902157014474
2237977492,231100902156540271
2229636189,201100902155339436
2226779772,201100827128980233
2218764659,231100901152651799
2218661418,231100901152633039
2218618567,201100901153380316
2215350861,231100901152805645
2214663496,201100901152360897
2213354839,231100901152447346
2209749421,231100901151491027
2208019753,231100901151714433
2207458094,201100901151137631
2190795961,201100831148083890
2182238562,201100831146670021
2181950298,201100831146990654
2180080599,201100831146196360
2165069205,231100830143186889
2161267455,231100830143208025
2158414216,201100830142393397
2157938607,231100830142379491
2157363524,201100830142516906
2153715095,231100830141878745
2110379467,201100828134383033
2097807773,201100827128980233
2086913852,201100827128980233
2082258922,201100827128980233
2081094285,201100827128980233
2079683041,201100827128980233
2077469442,201100827128541624
2071917271,231100827127603093
2069907447,201100827126923082
2056739042,231100826124855624
2056726277,201100826124769356
2056705267,201100826124578612
2056663674,201100826124738965
2051322511,201100826123451278
2047547666,201100826122869707
2041756515,201100826121783080
2020386301,201100825118452223
2020227577,231100825118284956
2019817986,231100825118187545
2019713119,231100825117951237
2019215047,201100825118199414
2018819891,201100825118131784
2018595902,231100825118095624
2018498981,201100825118079254
2018429023,201100825117811372
2018298599,201100825117651030
2018194781,201100825118026284
2014713107,231100825117017538
2013434179,201100825116575699
2013243598,201100825117061545
1995420206,201100824113698727
1992991409,201100824112980569
1990713897,201100824113218003
1988291222,201100824112507992
1982872165,201100824111787004
1966171161,201100823108588672
1962529424,201100823107866917
1961573667,201100823107697757
1960434146,231100823107579082
1959569864,201100823107269338
1889675727,23110082094734409
1885313475,20110082094470073
1879771542,20110082093483853
1879506773,20110082093198741
1861846656,20110081989963498
1861215598,20110081990071825
1855884873,20110081988907768
1855724847,23110081989173604
1834502780,20110081885123578
1834386671,23110081885417303
1834300116,20110081885401833
1831158759,20110081884827684
1826967398,23110081884080494
1810521713,20110081781183623
1808398981,20110081780615442
1807980028,20110081780343079
1805996218,20110081780165107
1801550111,20110081779504175
1784017811,23110081676389146
1783812611,20110081676272901
1779987125,20110081675535370
1776458440,20110081675114824
1713695436,20110081363972044
1712302115,20110081363604627
1711137848,20110081363375330
1709972237,20110081363263325
1704403844,23110081362138598
1685622173,20110081258874932
1685056146,20110081258773362
1682520493,23110081258286278
1680632755,23110081258014911
1679443649,20110081257745218
1678154828,20110081257517758
1665419618,23110081155285870
1665059772,20110081155306225
1660089572,23110081154411946
1657835887,20110081153952490
1656031837,20110081153758354
1644755301,23110081051721025
1638097591,20110081050487681
1636635947,20110081050255506
1634290484,23110081049786460
1632992853,20110081049641025
1618456400,23110080947082243
1617288727,20110080946788527
1617253822,20110080946862715
1617164253,20110080946726259
1616888781,20110080946798525
1616776572,20110080946698560
1616707725,20110080946644939
1616636032,20110080946673267
1616550975,20110080946740485
1611280872,20110080945814553
1550145878,20110080634957926
1548504955,20110080634676193
1548188413,22110080634621144
1547144185,20110080634410411
1532368294,20110080531808084
1530278324,22110080531440533
1527758452,20110080530984689
1526595963,20110080530784571
1513539540,22110080422495703
1513466361,22110080422422142
1512237245,22110080422187500
1507372932,20110080421321247
1504678618,20110080420883166
1492584028,20110080318724062
1491639025,20110080318571626
1489137740,20110080318121432
1485370789,20110080317466375
1484622063,20110080317310130
1472239950,20110080215132956
1472144229,20110080215103620
1469575683,20110080214666325
1469433531,20110080214672933
1465501564,20110080213961894
1445398326,22110080110383674
1445385035,22110080110362432
1439945733,2211007319396791
1417987159,2011007305505591
1416315078,2211007305210295
1416269269,2011007305201995
1410421320,2211007304140939
1410375424,2011007304159403
1409410404,2011007303981286
1409069509,2011007303927373
1396756542,2011007291735582
1395935272,2211007291597458
1391533664,201100729792646
1390208802,201100729453642
1379313072,20110072840967045
1372374903,20110072839705068
1359918904,20110072737438557
1357492504,20110072736997154
1354095816,20110072736379570
1353341563,20110072736242366
1352885509,20110072736159260
1341445372,20110072634077779
1336466806,20110072633172682
1336373933,20110072633155952
1318882563,20110072529974429
1291574320,20110072325009063
1289807243,20110072324687786
1289583091,20110072324647084
1289524341,20110072324636439
1289404139,20110072324614587
1286675697,20110072324118084
1283708938,20110072323578109
1271780125,20110072221407703
1267551200,20110072220638147
1264816151,20110072220140781
1251621037,20110072117739950
1250361565,20110072117510656
1249747781,20110072117398675
1249169915,20110072117293505
1248679484,20110072117204070
1248386964,20110072117150891
1244026641,20110072116356473
1231605172,20110072014099431
1229443433,20110072013706216
1225317931,20110072012955883
1224968848,20110072012892525
1213024476,20110071910721010
1211722352,20110071910483747
1208508001,2011007199898551
1164436373,2011007161916908
1158945071,201100716923967
1156502857,201100716478991
1154885389,201100716184670
1147509826,20110071544431889
1140096511,20110071543081659
1138453071,20110071542782729
1129634796,20110071441176550
1129411402,20110071441136042
1125281587,20110071440381982
1124420806,20110071440225478
1121472984,20110071439702003
1121394477,20110071439688777
1121357961,20110071439682569
1111874736,20110071337958688
1107511648,20110071337164585
1106181791,20110071336922676
1096457902,20110071235149646
1093642034,20110071234636262
1089995263,20110071233970677
1089766813,20110071233929109
1047577507,20110070926250406
1046945179,20110070926135442
1041317027,20110070925111278
1041090732,20110070925069938
1031968171,20110070823408599
1031880880,20110070823392783
1031744311,20110070823367821
1030025842,20110070823055358
1024777622,20110070822098399
1024683166,20110070822081106
1015159493,20110070720337348
1014829887,20110070720276992
1014575039,20110070720230129
1012325203,20110070719815385
1012309309,20110070719812447
1008754623,20110070719154131
1007987281,20110070719012083
995029145,20110070616631000
993256852,20110070616305044
991180566,20110070615922754
989208957,20110070615560096
989085798,20110070615537558
988979880,20110070615517834
979704852,20110070513817415
977599352,20110070513432749
976720363,20110070513271964
973205928,20110070512628463
928911419,2011007024503265
926993474,2011007024151659
925169623,2011007023817303
923781186,2011007023562948
923676230,2011007023543688
922923296,2011007023405650
922861659,2011007023394387
913339258,2011007011650596
912455103,2011007011488816
909266597,201100701904398
908241910,201100701717212
897022920,20110063064875994
893495048,20110063063585698
892269949,20110063063137996
881396912,20110062959166700
881214405,20110062959099882
877657669,20110062958202068
867950986,20110062856427151
863454093,20110062855603895
834225138,20110062548068429
831667164,20110062548068429
830281960,20110062548068429
829940620,20110062548068429
829891271,20110062548068429
829546276,20110062548452487
829546274,20110062548663053
829546272,20110062548068429
828692894,20110062548068429
828377428,20110062548663053
828315481,20110062548489505
828218598,20110062548452487
827905806,20110062548068429
827900373,20110062548149607
827878921,20110062548068429
827813219,20110062548068429
827781598,20110062548068429
827730867,20110062548046811
827416725,20110062548068429
827323792,20110062547898441
827247000,20110062548068429
827114608,20110062548068429
827088196,20110062548068429
826879458,20110062548068429
819832482,20110062548068429
811884183,20110062442269601
811128953,20110062441994131
809157572,20110062441276523
808511261,20110062441040929
797590824,20110062337061513
794738410,20110062336021275
781311767,20110062231124783
771743353,20110062127635965
770148453,20110062127054247
769275513,20110062126736451
768471411,20110062126442767
767448991,20110062126070141
765078810,20110062125207211
730205202,20110061812475547
726126399,20110061810986461
716603750,2011006177504665
715590538,2011006177136077
711854688,2011006175773271
663714624,20110061336413611
663699273,20110061336407957
663667393,20110061336396301
663647222,20110061336389021
663630053,20110061336382797
663567593,20110061336360033
654479709,20110061233048441
651145708,20110061231834455
642260940,20110061128597569
638196107,20110061127114651
630054062,20110061024148155
624538656,20110061022139529
613434250,20110060918092243
611731315,20110060917535343
611699791,20110060917529626
601683559,20110060815705164
599375995,20110060815284270
598351308,20110060815097086
589896799,20110060713557795
588963802,20110060713388264
586621889,20110060712961165
585967831,20110060712842185
562088345,2011006058497314
557106751,2011006047590678
556598575,2011006047498197
555723186,2011006047338693
555289325,2011006047259738
555267223,2011006047255776
555106106,2011006047226237
553354017,2011006046906595
553289782,2011006046894870
545703692,2011006035513618
544612122,2011006035314446
544388599,2011006035273681
541394002,2011006034727660
541058016,2011006034666578
540752447,2011006034610957
540563711,2011006034576616
532460156,2011006023100675
530286814,2011006022703973
530158009,2011006022680640
530093441,2011006022668955
521716432,2011006011141525
521167072,2011006011041631
509711989,20110053127967338
507681624,20110053127596271
479651600,20110052822468053
479220248,20110052822389048
469447076,20110052720576379
467264727,20110052720176638
460369617,20110052618900137
457986218,20110052618455434
456969291,20110052618264533
455901715,20110052618066980
455750248,20110052618038902
447956022,20110052516600509
447863971,20110052516583593
447409789,20110052516499943
446148714,20110052516268574
445531396,20110052516155173
439891061,20110052415108833
435487074,20110052414302782
410030743,2011005219643226
409704363,2011005219583808
409359074,2011005219520744
407406794,2011005219164205
407375187,2011005219158491
400194773,2011005207845932
398816049,2011005207594538
398058393,2011005207456033
390307275,2011005196044315
388198814,2011005195660199
387872461,2011005195600790
380326467,2011005184225071
378679053,2011005183923980
378096477,2011005183817369
377979131,2011005183795885
372016088,2011005172708662
368378011,2011005172045429
368299777,2011005172031223
344048570,20110051419653834
342148967,20110051419307315
341003783,20110051419098546
336087314,20110051318202465
333029568,20110051317645404
327335660,20110051216607601
324636830,20110051216116088
324314279,20110051216057315
324074059,20110051216013414
316376353,20110051114610594
315187065,20110051114393905
314974569,20110051114355225
309274307,20110051013316898
306514032,20110051012814338
306496804,20110051012811155
285508938,2011005078988663
284366300,2011005078780358
283572958,2011005078635567
277339225,2011005067500743
274767441,2011005067031535
269492831,2011005056071894
269223209,2011005056022893
267916347,2011005055784914
265979875,2011005055432176
265937864,2011005055424579
259994156,2011005044342576
257726985,2011005043929314
233034974,20110043019076594
230548039,20110043018623732
230373924,20110043018592019
225682396,20110042917737441
223030191,20110042917254225
217962922,20110042816329460
217637630,20110042816270177
217395000,20110042816226076
217370890,20110042816221722
215339825,20110042815851353
211990454,20110042715240939
211948071,20110042715233317
210549195,20110042714978350
209240875,20110042714740006
207905113,20110042714496553
203623165,20110042613715922
202695320,20110042613547011
202017222,20110042613423392
201992667,20110042613418927
201317959,20110042613295983
200628361,20110042613170111
181999566,2011004239777974
181950319,2011004239769049
181710491,2011004239725556
179696259,2011004239358423
179647385,2011004239349512
179623279,2011004239345116
174653494,2011004228440415
174425365,2011004228398885
174422019,2011004228398266
174412220,2011004228396515
172721568,2011004228088360
169240656,2011004217453748
167766097,2011004217184780
166855357,2011004217018785
165990859,2011004216861220
