---------------------------------------京东商城电脑数码 start-------------------------------------------
0|0|0|0|0|0|0|0|16|73|34|18|17|28|32|25|31|19|13|2|0|0|1|0
0|0|0|0|0|0|0|0|45|291|161|1264|41|139|53|58|88|1424|36|11|0|0|5|0
0|0|0|0|0|0|0|0|42|277|162|1190|39|148|55|52|97|1427|35|4|0|0|3|0
---------------------------------------京东商城电脑数码 end-------------------------------------------

---------------------------------------京东大家电 start-------------------------------------------
0|0|0|0|0|0|0|0|4|9|16|18|0|16|8|3|3|8|7|4|1|0|0|0
0|0|0|0|0|0|0|0|13|6382|12891|1186|0|25|5|1|12|9466|34|7|2|0|0|0
0|0|0|0|0|0|0|0|13|6375|12786|1168|0|22|5|1|8|8892|34|7|3|0|0|0
---------------------------------------京东大家电 end-------------------------------------------

---------------------------------------京东商城小家电 start-------------------------------------------
0|0|0|0|0|0|0|0|0|13|25|31|4|23|32|22|21|14|11|3|0|0|0|0
0|0|0|0|0|0|0|0|0|35|32|42|19|16|4752|32|33|17|18|9|0|0|0|0
0|0|0|0|0|0|0|0|0|33|31|42|16|10|4752|32|34|17|18|11|0|0|0|0
---------------------------------------京东商城小家电 end-------------------------------------------

---------------------------------------京东商城手机通讯 start-------------------------------------------
0|0|0|0|0|0|2|10|44|55|67|69|15|44|57|35|67|48|34|5|4|16|12|4
0|0|0|0|0|0|22|119|5400|1392|18518|13475|125|522|31042|4341|51061|3614|276|57|45|114|2043|19
0|0|0|0|0|0|27|113|5393|1386|18513|13468|119|502|31045|4330|50949|3617|254|45|43|111|890|20
---------------------------------------京东商城手机通讯 end-------------------------------------------

---------------------------------------当当孕婴童天地 start-------------------------------------------
0|0|0|0|0|0|0|0|0|5|29|34|5|10|30|52|23|25|21|7|1|3|0|0
0|0|0|0|0|0|0|0|0|1322|306|8177|455|1549|4159|1161|2499|1376|1796|1513|0|6|0|0
0|0|0|0|0|0|0|0|0|1320|307|8174|454|1549|4163|1164|2501|1362|1793|1263|2|6|0|0
---------------------------------------当当孕婴童天地 end-------------------------------------------

---------------------------------------TMALL母婴 start-------------------------------------------
0|0|0|0|0|0|0|0|2|32|34|15|1|47|22|18|13|13|10|12|60|11|0|1
0|0|0|0|0|0|0|0|3|24|29|17|0|53|26|19|11|14|12|5|54|17|0|4
0|0|0|0|0|0|0|0|3|24|29|15|0|51|23|18|11|8|11|5|50|12|0|2
---------------------------------------TMALL母婴 end-------------------------------------------

---------------------------------------当当玩具店 start-------------------------------------------
2|2|1|0|0|0|1|0|3|2|6|4|5|7|5|4|5|4|5|0|2|1|3|4
0|1|1|0|0|0|0|0|0|2|4|4|5|9|4|1|8|3|5|0|1|5|1|1
0|0|0|0|0|0|0|0|0|1|4|2|5|9|4|1|5|8|5|0|1|1|0|0
---------------------------------------当当玩具店 end-------------------------------------------

---------------------------------------京东商城日用百货 start-------------------------------------------
2|0|0|0|0|0|0|5|16|96|78|57|20|57|57|46|48|36|24|3|13|15|24|10
10|0|0|0|0|0|0|18|91|16928|3991|496|98|370|422|2644|511|777|372|14|317|82|140|58
6|0|0|0|0|0|0|10|88|16933|3992|490|97|376|428|2640|516|778|367|13|321|84|141|49
---------------------------------------京东商城日用百货 end-------------------------------------------

---------------------------------------Tmall品牌特卖 start-------------------------------------------
6|6|1|1|0|0|0|0|6|19|11|24|7|14|23|14|20|21|14|9|9|7|12|17
11|5|1|0|0|0|0|0|9|7|4|14|1|17|9|11|11|22|17|6|9|22|6|16
9|5|1|0|0|0|0|0|9|7|4|14|1|16|9|8|11|23|15|8|9|18|6|14
---------------------------------------Tmall品牌特卖 end-------------------------------------------

---------------------------------------当当数字馆 start-------------------------------------------
0|0|0|0|0|0|0|0|1|32|120|68|7|47|51|43|38|45|9|1|1|0|1|1
0|0|0|0|0|0|0|0|1|18|62|44|13|18|13|24|26|15|16|1|0|0|13|2
0|0|0|0|0|0|0|0|2|18|60|44|14|18|13|24|26|15|15|1|0|0|3|3
---------------------------------------当当数字馆 end-------------------------------------------

---------------------------------------当当读书汇 start-------------------------------------------
1|0|0|0|0|0|0|0|0|20|56|27|3|33|32|31|30|24|7|1|9|4|5|3
0|0|0|0|0|0|0|0|0|1198|12429|4084|1309|20638|5664|4025|4168|2932|1015|8|74|9|26|3
7|0|0|0|0|0|0|0|0|1197|12428|4083|758|20576|5663|4012|4167|2924|1016|3|54|5|25|2
---------------------------------------当当读书汇 end-------------------------------------------

---------------------------------------当当网电器频道 start-------------------------------------------
0|0|0|0|0|0|0|0|0|16|22|13|1|1|4|7|7|10|3|0|0|1|0|0
0|0|0|0|0|0|0|0|0|1768|10270|2072|1786|4|3|4402|4171|35|3034|0|0|0|0|0
0|0|0|0|0|0|0|0|0|1768|9656|2071|1127|3|1|4402|2943|34|2146|0|0|3|0|0
---------------------------------------当当网电器频道 end-------------------------------------------

---------------------------------------京东虚拟产品 start-------------------------------------------
0|0|0|0|0|0|0|0|0|3|2|5|0|4|2|4|3|2|0|0|0|0|0|0
0|0|0|0|0|0|0|0|0|0|3|7|0|5|3|2|2|2|0|0|0|0|0|0
0|0|0|0|0|0|0|0|0|0|3|11|0|4|1|2|3|3|0|0|0|0|0|0
---------------------------------------京东虚拟产品 end-------------------------------------------

---------------------------------------京东商城图书音像 start-------------------------------------------
5|0|0|0|0|0|0|11|9|112|100|87|21|51|76|47|48|66|22|17|15|12|21|4
238|0|0|0|0|0|0|25|41|716|866|823|57|1412|291|616|555|540|740|38|75|63|84|24
221|0|0|0|0|0|0|24|43|661|863|822|56|1414|280|617|567|535|435|40|74|43|72|19
---------------------------------------京东商城图书音像 end-------------------------------------------

---------------------------------------手机-当当 start-------------------------------------------
0|0|0|0|0|0|0|0|0|1|8|9|2|8|11|15|7|9|5|1|0|0|0|0
0|0|0|0|0|0|0|0|0|1|5|1409|0|5|8|7|3|10|10|2|0|0|0|0
0|0|0|0|0|0|0|0|0|1|3|1407|0|5|8|6|3|6|11|1|0|0|0|0
---------------------------------------手机-当当 end-------------------------------------------

---------------------------------------京东商城开放平台 start-------------------------------------------
0|0|0|0|0|0|0|0|0|33|27|23|5|10|22|31|10|19|13|1|1|0|0|0
0|0|0|0|0|0|0|0|0|83|9156|30|5339|16|3136|1310|19415|44|3589|0|0|0|0|0
0|0|0|0|0|0|0|0|0|88|9155|30|3743|18|2864|1316|19408|41|3590|0|1|0|0|0
---------------------------------------京东商城开放平台 end-------------------------------------------

---------------------------------------当当服装馆 start-------------------------------------------
0|0|0|0|0|0|0|0|0|0|0|0|0|0|2|2|1|1|0|0|0|0|0|0
0|0|0|0|0|0|0|0|0|0|0|0|0|0|0|3|1|0|0|0|0|0|0|0
0|0|0|0|0|0|0|0|0|0|0|0|0|0|0|3|0|0|0|0|0|0|0|0
---------------------------------------当当服装馆 end-------------------------------------------

---------------------------------------当当 start-------------------------------------------
2|0|0|0|0|0|0|0|26|16|101|99|48|45|77|57|68|56|51|21|6|12|30|1
10520|0|0|0|0|0|0|0|221|132|12141|15737|8591|734|15464|3148|15096|2789|8922|3339|87|177|331|15
4872|0|0|0|0|0|0|0|216|106|12141|15735|8584|734|14419|2119|11848|2790|8923|3324|93|157|332|5
---------------------------------------当当 end-------------------------------------------

---------------------------------------当当美妆频道 start-------------------------------------------
0|0|0|0|0|0|0|0|7|25|16|7|16|11|6|7|9|10|20|3|0|0|2|0
0|0|0|0|0|0|0|0|12|1482|32|3|6|21|5|14|12|13|26|4|0|0|3|0
0|0|0|0|0|0|0|0|11|1482|32|3|4|21|4|7|12|12|26|3|0|0|13|0
---------------------------------------当当美妆频道 end-------------------------------------------

---------------------------------------当当超享团 start-------------------------------------------
0|0|0|0|0|0|0|0|0|0|4|1|0|0|7|1|4|4|2|0|0|0|0|0
0|0|0|0|0|0|0|0|0|0|216|0|0|0|4|0|1|1|1|0|0|0|0|0
0|0|0|0|0|0|0|0|0|0|216|1|0|0|3|0|1|1|0|0|0|0|0|0
---------------------------------------当当超享团 end-------------------------------------------

---------------------------------------京东商城团购 start-------------------------------------------
0|0|0|0|0|0|0|2|4|13|19|9|0|8|2|9|7|7|9|2|0|1|1|1
0|0|0|0|0|0|0|5|7|21|36|23|0|7|1|4|4|20|11|0|0|0|6|13
0|0|0|0|0|0|0|8|7|21|36|20|0|7|7|5|4|17|10|0|0|0|2|2
---------------------------------------京东商城团购 end-------------------------------------------

---------------------------------------天猫_服饰馆 start-------------------------------------------
0|0|0|0|0|0|0|0|3|4|60|47|52|48|48|50|56|45|57|32|51|28|10|4
0|0|0|0|0|0|0|0|199|9|1292|247|181|183|318|125|684|128|239|69|295|152|28|14
0|0|0|0|0|0|0|0|210|5|1273|246|179|184|313|130|682|131|240|66|292|120|33|15
---------------------------------------天猫_服饰馆 end-------------------------------------------

---------------------------------------天猫_电器城 start-------------------------------------------
0|2|0|0|0|0|0|0|6|13|20|20|10|12|10|17|10|17|7|6|1|3|5|3
0|15|0|0|0|0|0|0|51|824|15564|159|2062|3489|53|520|594|139|36|21|4|557|27|11
0|18|0|0|0|0|0|0|48|830|14664|160|2063|3510|57|462|598|137|32|23|5|525|22|10
---------------------------------------天猫_电器城 end-------------------------------------------

---------------------------------------天猫_淘品牌 start-------------------------------------------
3|2|2|2|2|2|2|2|44|35|57|52|17|54|73|61|45|10|12|7|20|8|40|31
8|4|4|8|10|3|2|7|146|4098|2276|544|1106|378|219|622|174|20|10|9|37|22|95|50
7|2|4|7|11|3|3|7|147|4087|2280|542|1104|376|211|620|174|18|8|7|32|22|90|49
---------------------------------------天猫_淘品牌 end-------------------------------------------

---------------------------------------京东 start-------------------------------------------
2|0|0|0|0|0|0|0|12|101|67|80|25|37|77|75|69|42|41|8|18|16|44|3
1845|0|0|0|0|0|0|0|1132|57303|26205|9179|2932|10056|9854|6928|11659|3349|18338|880|17559|9789|10132|1161
915|0|0|0|0|0|0|0|1090|57187|26211|9184|2837|10020|9829|6929|11508|3379|18340|907|17537|7124|10117|926
---------------------------------------京东 end-------------------------------------------

---------------------------------------当当百货小喇叭 start-------------------------------------------
0|0|0|0|0|0|0|0|0|6|29|34|16|19|28|36|31|34|27|5|3|2|1|0
0|0|0|0|0|0|0|0|0|3|18|10|9|6|11|14|10|16|10|0|1|1|0|0
0|0|0|0|0|0|0|0|0|2|17|9|7|4|11|14|10|16|9|0|0|0|0|0
---------------------------------------当当百货小喇叭 end-------------------------------------------

---------------------------------------京东商城时装频道 start-------------------------------------------
0|0|0|0|0|0|0|0|2|54|51|52|15|33|41|50|45|13|13|40|36|44|40|12
0|0|0|0|0|0|0|0|1|43|1498|787|19|36|12|71|36|44|3571|48|26|24|29|15
0|0|0|0|0|0|0|0|3|43|1497|787|16|36|12|71|35|43|3569|46|26|24|29|12
---------------------------------------京东商城时装频道 end-------------------------------------------

---------------------------------------Tmall商家成长中心 start-------------------------------------------
0|0|0|0|0|0|0|0|0|3|10|12|2|4|8|2|6|1|0|0|0|0|0|0
0|0|0|0|0|0|0|0|0|4|25|33|4|11|14|4|17|4|0|0|0|0|0|0
0|0|0|0|0|0|0|0|0|2|26|21|4|10|12|0|17|0|0|0|0|0|0|0
---------------------------------------Tmall商家成长中心 end-------------------------------------------

---------------------------------------当当网-音乐频道 start-------------------------------------------
0|0|0|0|0|0|0|0|0|3|9|8|3|2|5|5|3|2|3|1|0|0|1|0
0|0|0|0|0|0|0|0|0|259|348|4014|868|9|412|3064|1934|762|13|296|0|0|1|0
0|0|0|0|0|0|0|0|0|168|183|2410|514|15|385|2280|1933|230|8|115|0|0|1|0
---------------------------------------当当网-音乐频道 end-------------------------------------------

---------------------------------------移动京东 start-------------------------------------------
0|0|0|0|0|0|0|0|0|1|4|3|3|3|2|5|7|5|3|0|2|2|1|0
0|0|0|0|0|0|0|0|0|2|0|12|9|5|5|12|13|9|6229|0|6|4|3|0
0|0|0|0|0|0|0|0|0|5|9|10|8|4|4|11|13|8|3791|0|5|2|8|0
---------------------------------------移动京东 end-------------------------------------------

---------------------------------------Tmall美容馆 start-------------------------------------------
9|3|0|0|0|0|0|0|0|23|81|60|21|73|83|56|50|40|17|4|7|16|18|28
6|6|0|0|0|0|0|0|0|24|170|13|10|17|44|34|33|18|7|0|3|24|9|13
6|7|0|0|0|0|0|0|0|22|170|12|8|15|44|36|33|18|7|1|1|24|8|12
---------------------------------------Tmall美容馆 end-------------------------------------------

---------------------------------------durex start-------------------------------------------
23|6|2|0|0|0|0|0|48|51|74|76|42|36|49|43|30|49|44|50|47|69|77|74
7730|704|847|0|0|0|0|0|5860|5597|4939|7501|7384|4771|5977|4673|5702|7002|3572|8172|5540|11390|14305|23517
7714|730|620|0|0|0|0|0|5574|5486|4945|7441|6999|4462|5728|4527|5555|6829|3536|7797|5532|11386|14281|23523
---------------------------------------durex end-------------------------------------------

---------------------------------------天猫 start-------------------------------------------
0|1|0|0|0|0|0|16|74|61|95|61|18|76|86|101|81|62|16|52|55|38|64|21
0|112|0|0|0|0|0|1048|6888|2722|5465|5370|684|3263|3776|7025|12028|3251|650|3069|2879|1800|4220|1967
0|55|0|0|0|0|0|939|6462|2716|5433|5350|669|3252|3703|7027|12025|3203|657|2793|2672|1543|4188|1426
---------------------------------------天猫 end-------------------------------------------

---------------------------------------亚马逊 start-------------------------------------------
0|1|0|0|0|0|0|0|0|17|76|56|6|14|53|59|54|63|25|1|1|4|10|0
0|32|0|0|0|0|0|0|0|2710|14323|4245|294|608|9372|9732|2978|26649|484|33|18|154|236|0
0|21|0|0|0|0|0|0|0|2622|14322|4223|187|618|9367|9711|2965|26665|526|13|18|151|206|0
---------------------------------------亚马逊 end-------------------------------------------

