---------------------------------------当当网电器频道 start-------------------------------------------
15|16|19|15|14|5|1
7187|4014|11203|8321|6722|4308|1924
4434|2071|7125|4691|3966|1171|696
---------------------------------------当当网电器频道 end -------------------------------------------


---------------------------------------京东商城时装频道 start-------------------------------------------
106|94|98|83|93|31|36
138|119|5955|90|2309|36|34
79|58|4453|59|1559|23|18
---------------------------------------京东商城时装频道 end -------------------------------------------


---------------------------------------京东商城手机通讯 start-------------------------------------------
89|103|122|109|113|37|15
7887|22273|10362|12160|144902|2331|203
3373|16703|5133|10815|93572|1093|136
---------------------------------------京东商城手机通讯 end -------------------------------------------


---------------------------------------京东商城开放平台 start-------------------------------------------
45|37|28|39|44|0|2
14400|33343|74|7314|5540|0|716
9205|21230|38|5944|3837|0|0
---------------------------------------京东商城开放平台 end -------------------------------------------


---------------------------------------京东商城电脑数码 start-------------------------------------------
55|57|51|65|71|6|4
670|301|986|1974|325|158|12
1261|140|211|1574|253|87|5
---------------------------------------京东商城电脑数码 end -------------------------------------------


---------------------------------------京东商城小家电 start-------------------------------------------
41|43|39|35|38|0|3
94|4697|81|122|74|0|1
63|4775|58|54|45|0|1
---------------------------------------京东商城小家电 end -------------------------------------------


---------------------------------------当当玩具店 start-------------------------------------------
14|16|2|4|11|15|4
9|18|0|2|7|13|1
9|13|0|7|8|7|2
---------------------------------------当当玩具店 end -------------------------------------------


---------------------------------------Tmall美容馆 start-------------------------------------------
131|63|116|81|116|64|18
445|103|143|111|319|66|41
183|28|45|51|77|34|6
---------------------------------------Tmall美容馆 end -------------------------------------------


---------------------------------------当当 start-------------------------------------------
144|134|126|132|136|29|15
53634|33028|38667|32418|61786|5840|310
26566|9814|12131|13341|22689|1822|35
---------------------------------------当当 end -------------------------------------------


---------------------------------------Tmall品牌特卖 start-------------------------------------------
46|36|58|31|33|19|18
66|79|67|32|52|41|31
25|40|37|12|18|22|33
---------------------------------------Tmall品牌特卖 end -------------------------------------------


---------------------------------------当当网-音乐频道 start-------------------------------------------
14|5|7|4|9|3|3
9809|3414|1119|728|3296|2884|70
3969|1530|418|195|1416|678|36
---------------------------------------当当网-音乐频道 end -------------------------------------------


---------------------------------------当当超享团 start-------------------------------------------
7|3|0|6|5|2|0
5|205|0|2|0|0|0
8|210|0|2|2|0|0
---------------------------------------当当超享团 end -------------------------------------------


---------------------------------------当当数字馆 start-------------------------------------------
128|93|82|89|53|13|7
170|92|83|102|75|14|18
85|41|49|45|29|1|6
---------------------------------------当当数字馆 end -------------------------------------------


---------------------------------------京东商城团购 start-------------------------------------------
13|11|10|19|14|27|0
46|42|55|30|62|41|0
32|16|12|20|31|35|0
---------------------------------------京东商城团购 end -------------------------------------------


---------------------------------------durex start-------------------------------------------
136|153|132|126|121|105|117
43487|45081|46216|63648|40038|29167|33947
19125|20965|20602|25675|18237|13023|15038
---------------------------------------durex end -------------------------------------------


---------------------------------------亚马逊 start-------------------------------------------
82|83|88|80|83|12|12
15282|31619|10026|16081|13596|997|599
11990|28527|8002|10149|12086|647|214
---------------------------------------亚马逊 end -------------------------------------------


---------------------------------------当当孕婴童天地 start-------------------------------------------
49|35|37|50|58|13|3
11320|3224|8813|1464|8062|648|1985
8282|1998|6593|926|4996|401|862
---------------------------------------当当孕婴童天地 end -------------------------------------------


---------------------------------------当当美妆频道 start-------------------------------------------
26|22|20|26|26|9|10
59|16|2009|58|671|22|32
42|16|1364|56|144|4|4
---------------------------------------当当美妆频道 end -------------------------------------------


---------------------------------------京东 start-------------------------------------------
124|137|121|118|153|45|19
59609|139308|136752|65745|51251|5791|11406
16865|40176|68419|45143|19598|1769|2070
---------------------------------------京东 end -------------------------------------------


---------------------------------------手机-当当 start-------------------------------------------
18|17|15|9|12|5|0
29|19|2437|17|13|14|0
9|8|1408|7|11|8|0
---------------------------------------手机-当当 end -------------------------------------------


---------------------------------------天猫_服饰馆 start-------------------------------------------
105|86|99|96|97|56|56
2633|677|744|1699|545|859|334
1167|555|571|1112|402|199|113
---------------------------------------天猫_服饰馆 end -------------------------------------------


---------------------------------------天猫_电器城 start-------------------------------------------
36|26|30|27|23|8|12
6072|891|958|15444|1990|50|125
6051|701|356|14035|1859|66|96
---------------------------------------天猫_电器城 end -------------------------------------------


---------------------------------------当当服装馆 start-------------------------------------------
1|1|1|2|0|1|0
0|1|0|5|0|0|0
0|0|0|3|0|0|0
---------------------------------------当当服装馆 end -------------------------------------------


---------------------------------------京东虚拟产品 start-------------------------------------------
1|3|1|12|8|0|0
0|1|0|6|8|0|0
1|3|0|12|11|0|0
---------------------------------------京东虚拟产品 end -------------------------------------------


---------------------------------------京东大家电 start-------------------------------------------
12|22|20|19|19|3|2
29|7080|12382|11873|10477|22|7
33|3970|8444|8915|7942|7|3
---------------------------------------京东大家电 end -------------------------------------------


---------------------------------------京东商城日用百货 start-------------------------------------------
96|111|95|112|108|46|39
18489|2183|8763|2559|2853|381|210
13780|1554|7017|2811|1909|161|97
---------------------------------------京东商城日用百货 end -------------------------------------------


---------------------------------------天猫 start-------------------------------------------
156|156|165|176|160|98|67
28703|45218|44903|47961|31310|19971|21104
9015|10279|13365|14400|9644|4354|3056
---------------------------------------天猫 end -------------------------------------------


---------------------------------------当当读书汇 start-------------------------------------------
62|46|55|46|49|20|8
12160|14360|12726|42685|12578|1471|5492
7122|7837|7017|26424|5943|414|2163
---------------------------------------当当读书汇 end -------------------------------------------


---------------------------------------移动京东 start-------------------------------------------
7|4|8|14|6|1|1
28|6|15|6268|12|0|1
15|12|6|3828|17|0|0
---------------------------------------移动京东 end -------------------------------------------


---------------------------------------京东商城图书音像 start-------------------------------------------
137|117|130|126|140|38|36
2920|1217|2969|1102|1923|232|597
2410|818|1455|785|1188|76|54
---------------------------------------京东商城图书音像 end -------------------------------------------


---------------------------------------Tmall商家成长中心 start-------------------------------------------
1|4|3|18|22|0|0
2|26|21|137|80|0|0
0|7|19|37|29|0|0
---------------------------------------Tmall商家成长中心 end -------------------------------------------


---------------------------------------TMALL母婴 start-------------------------------------------
37|45|44|42|43|39|41
119|139|223|128|120|105|141
24|39|57|34|39|26|43
---------------------------------------TMALL母婴 end -------------------------------------------


---------------------------------------天猫_淘品牌 start-------------------------------------------
104|80|90|100|109|55|45
4087|2864|644|4743|747|311|309
2890|2163|445|3574|553|82|104
---------------------------------------天猫_淘品牌 end -------------------------------------------


---------------------------------------当当百货小喇叭 start-------------------------------------------
57|64|41|48|61|0|0
43|102|33|46|90|0|0
15|24|11|20|29|0|0
---------------------------------------当当百货小喇叭 end -------------------------------------------


